bin 1
All prompts
.{513;514}

bin 2
All response
.{516;517}

bin 3
All positive
.{1;2;3;4;5;6;7;8;9;10;11;12;13;14;15;16;17;18;19;20;21;22;23;24;25;26;27;28;29;30;31;32;33;34;35;36;37;38;39;40;41;42;43;44;45;46;47;48;49;50;51;52;53;54;55;56;57;58;59;60;61;62;63;64;129;130;131;132;133;134;135;136;137;138;139;140;141;142;143;144;145;146;147;148;149;150;151;152;153;154;155;156;157;158;159;160;161;162;163;164;165;166;167;168;169;170;171;172;173;174;175;176;177;178;179;180;181;182;183;184;185;186;187;188;189;190;191;192;257;258;259;260;261;262;263;264;265;266;267;268;269;270;271;272;273;274;275;276;277;278;279;280;281;282;283;284;285;286;287;288;289;290;291;292;293;294;295;296;297;298;299;300;301;302;303;304;305;306;307;308;309;310;311;312;313;314;315;316;317;318;319;320;385;386;387;388;389;390;391;392;393;394;395;396;397;398;399;400;401;402;403;404;405;406;407;408;409;410;411;412;413;414;415;416;417;418;419;420;421;422;423;424;425;426;427;428;429;430;431;432;433;434;435;436;437;438;439;440;441;442;443;444;445;446;447;448}

bin 4
All negative
.{65;66;67;68;69;70;71;72;73;74;75;76;77;78;79;80;81;82;83;84;85;86;87;88;89;90;91;92;93;94;95;96;97;98;99;100;101;102;103;104;105;106;107;108;109;110;111;112;113;114;115;116;117;118;119;120;121;122;123;124;125;126;127;128;193;194;195;196;197;198;199;200;201;202;203;204;205;206;207;208;209;210;211;212;213;214;215;216;217;218;219;220;221;222;223;224;225;226;227;228;229;230;231;232;233;234;235;236;237;238;239;240;241;242;243;244;245;246;247;248;249;250;251;252;253;254;255;256;321;322;323;324;325;326;327;328;329;330;331;332;333;334;335;336;337;338;339;340;341;342;343;344;345;346;347;348;349;350;351;352;353;354;355;356;357;358;359;360;361;362;363;364;365;366;367;368;369;370;371;372;373;374;375;376;377;378;379;380;381;382;383;384;449;450;451;452;453;454;455;456;457;458;459;460;461;462;463;464;465;466;467;468;469;470;471;472;473;474;475;476;477;478;479;480;481;482;483;484;485;486;487;488;489;490;491;492;493;494;495;496;497;498;499;500;501;502;503;504;505;506;507;508;509;510;511;512}

bin 5
All recog hits
.{4;5;6;7;8;9;10;11;12;13;14;15;16;20;21;22;23;24;25;26;27;28;29;30;31;32;36;37;38;39;40;41;42;43;44;45;46;47;48;52;53;54;55;56;57;58;59;60;61;62;63;64;68;69;70;71;72;73;74;75;76;77;78;79;80;84;85;86;87;88;89;90;91;92;93;94;95;96;100;101;102;103;104;105;106;107;108;109;110;111;112;116;117;118;119;120;121;122;123;124;125;126;127;128;132;133;134;135;136;137;138;139;140;141;142;143;144;148;149;150;151;152;153;154;155;156;157;158;159;160;164;165;166;167;168;169;170;171;172;173;174;175;176;180;181;182;183;184;185;186;187;188;189;190;191;192;196;197;198;199;200;201;202;203;204;205;206;207;208;212;213;214;215;216;217;218;219;220;221;222;223;224;228;229;230;231;232;233;234;235;236;237;238;239;240;244;245;246;247;248;249;250;251;252;253;254;255;256;260;261;262;263;264;265;266;267;268;269;270;271;272;276;277;278;279;280;281;282;283;284;285;286;287;288;292;293;294;295;296;297;298;299;300;301;302;303;304;308;309;310;311;312;313;314;315;316;317;318;319;320;324;325;326;327;328;329;330;331;332;333;334;335;336;340;341;342;343;344;345;346;347;348;349;350;351;352;356;357;358;359;360;361;362;363;364;365;366;367;368;372;373;374;375;376;377;378;379;380;381;382;383;384;388;389;390;391;392;393;394;395;396;397;398;399;400;404;405;406;407;408;409;410;411;412;413;414;415;416;420;421;422;423;424;425;426;427;428;429;430;431;432;436;437;438;439;440;441;442;443;444;445;446;447;448;452;453;454;455;456;457;458;459;460;461;462;463;464;468;469;470;471;472;473;474;475;476;477;478;479;480;484;485;486;487;488;489;490;491;492;493;494;495;496;500;501;502;503;504;505;506;507;508;509;510;511;512}

bin 6
All recog misses
.{1;2;3;17;18;19;33;34;35;49;50;51;65;66;67;81;82;83;97;98;99;113;114;115;129;130;131;145;146;147;161;162;163;177;178;179;193;194;195;209;210;211;225;226;227;241;242;243;257;258;259;273;274;275;289;290;291;305;306;307;321;322;323;337;338;339;353;354;355;369;370;371;385;386;387;401;402;403;417;418;419;433;434;435;449;450;451;465;466;467;481;482;483;497;498;499}

bin 7
All positive recog hits 
.{4;5;6;7;8;9;10;11;12;13;14;15;16;20;21;22;23;24;25;26;27;28;29;30;31;32;36;37;38;39;40;41;42;43;44;45;46;47;48;52;53;54;55;56;57;58;59;60;61;62;63;64;132;133;134;135;136;137;138;139;140;141;142;143;144;148;149;150;151;152;153;154;155;156;157;158;159;160;164;165;166;167;168;169;170;171;172;173;174;175;176;180;181;182;183;184;185;186;187;188;189;190;191;192;260;261;262;263;264;265;266;267;268;269;270;271;272;276;277;278;279;280;281;282;283;284;285;286;287;288;292;293;294;295;296;297;298;299;300;301;302;303;304;308;309;310;311;312;313;314;315;316;317;318;319;320;388;389;390;391;392;393;394;395;396;397;398;399;400;404;405;406;407;408;409;410;411;412;413;414;415;416;420;421;422;423;424;425;426;427;428;429;430;431;432;436;437;438;439;440;441;442;443;444;445;446;447;448}

bin 8
All positive recog misses
.{1;2;3;17;18;19;33;34;35;49;50;51;129;130;131;145;146;147;161;162;163;177;178;179;257;258;259;273;274;275;289;290;291;305;306;307;385;386;387;401;402;403;417;418;419;433;434;435}

bin 9
All negative recog hits
.{68;69;70;71;72;73;74;75;76;77;78;79;80;84;85;86;87;88;89;90;91;92;93;94;95;96;100;101;102;103;104;105;106;107;108;109;110;111;112;116;117;118;119;120;121;122;123;124;125;126;127;128;196;197;198;199;200;201;202;203;204;205;206;207;208;212;213;214;215;216;217;218;219;220;221;222;223;224;228;229;230;231;232;233;234;235;236;237;238;239;240;244;245;246;247;248;249;250;251;252;253;254;255;256;324;325;326;327;328;329;330;331;332;333;334;335;336;340;341;342;343;344;345;346;347;348;349;350;351;352;356;357;358;359;360;361;362;363;364;365;366;367;368;372;373;374;375;376;377;378;379;380;381;382;383;384;452;453;454;455;456;457;458;459;460;461;462;463;464;468;469;470;471;472;473;474;475;476;477;478;479;480;484;485;486;487;488;489;490;491;492;493;494;495;496;500;501;502;503;504;505;506;507;508;509;510;511;512}

bin 10
All negative recog misses
.{65;66;67;81;82;83;97;98;99;113;114;115;193;194;195;209;210;211;225;226;227;241;242;243;321;322;323;337;338;339;353;354;355;369;370;371;449;450;451;465;466;467;481;482;483;497;498;499}

bin 11
All source hits
.{8;9;10;14;15;16;24;25;26;30;31;32;37;38;39;43;44;45;53;54;55;59;60;61;72;73;74;78;79;80;88;89;90;94;95;96;101;102;103;107;108;109;117;118;119;123;124;125;136;137;138;142;143;144;152;153;154;158;159;160;165;166;167;171;172;173;181;182;183;187;188;189;200;201;202;206;207;208;216;217;218;222;223;224;229;230;231;235;236;237;245;246;247;251;252;253;264;265;266;270;271;272;280;281;282;286;287;288;293;294;295;299;300;301;309;310;311;315;316;317;328;329;330;334;335;336;344;345;346;350;351;352;357;358;359;363;364;365;373;374;375;379;380;381;392;393;394;398;399;400;408;409;410;414;415;416;421;422;423;427;428;429;437;438;439;443;444;445;456;457;458;462;463;464;472;473;474;478;479;480;485;486;487;491;492;493;501;502;503;507;508;509}

bin 12
All source misses
.{5;6;7;11;12;13;21;22;23;27;28;29;40;41;42;46;47;48;56;57;58;62;63;64;69;70;71;75;76;77;85;86;87;91;92;93;104;105;106;110;111;112;120;121;122;126;127;128;133;134;135;139;140;141;149;150;151;155;156;157;168;169;170;174;175;176;184;185;186;190;191;192;197;198;199;203;204;205;213;214;215;219;220;221;232;233;234;238;239;240;248;249;250;254;255;256;261;262;263;267;268;269;277;278;279;283;284;285;296;297;298;302;303;304;312;313;314;318;319;320;325;326;327;331;332;333;341;342;343;347;348;349;360;361;362;366;367;368;376;377;378;382;383;384;389;390;391;395;396;397;405;406;407;411;412;413;424;425;426;430;431;432;440;441;442;446;447;448;453;454;455;459;460;461;469;470;471;475;476;477;488;489;490;494;495;496;504;505;506;510;511;512}

bin 13
All positive source hits
.{8;9;10;14;15;16;24;25;26;30;31;32;37;38;39;43;44;45;53;54;55;59;60;61;136;137;138;142;143;144;152;153;154;158;159;160;165;166;167;171;172;173;181;182;183;187;188;189;264;265;266;270;271;272;280;281;282;286;287;288;293;294;295;299;300;301;309;310;311;315;316;317;392;393;394;398;399;400;408;409;410;414;415;416;421;422;423;427;428;429;437;438;439;443;444;445}

bin 14
All negative source hits
.{72;73;74;78;79;80;88;89;90;94;95;96;101;102;103;107;108;109;117;118;119;123;124;125;200;201;202;206;207;208;216;217;218;222;223;224;229;230;231;235;236;237;245;246;247;251;252;253;328;329;330;334;335;336;344;345;346;350;351;352;357;358;359;363;364;365;373;374;375;379;380;381;456;457;458;462;463;464;472;473;474;478;479;480;485;486;487;491;492;493;501;502;503;507;508;509}

bin 15
All positive source misses
.{5;6;7;11;12;13;21;22;23;27;28;29;40;41;42;46;47;48;56;57;58;62;63;64;133;134;135;139;140;141;149;150;151;155;156;157;168;169;170;174;175;176;184;185;186;190;191;192;261;262;263;267;268;269;277;278;279;283;284;285;296;297;298;302;303;304;312;313;314;318;319;320;389;390;391;395;396;397;405;406;407;411;412;413;424;425;426;430;431;432;440;441;442;446;447;448}

bin 16
All negative source misses
.{69;70;71;75;76;77;85;86;87;91;92;93;104;105;106;110;111;112;120;121;122;126;127;128;197;198;199;203;204;205;213;214;215;219;220;221;232;233;234;238;239;240;248;249;250;254;255;256;325;326;327;331;332;333;341;342;343;347;348;349;360;361;362;366;367;368;376;377;378;382;383;384;453;454;455;459;460;461;469;470;471;475;476;477;488;489;490;494;495;496;504;505;506;510;511;512}

bin 17
All words with desc prompt
.{1;2;3;4;5;6;7;8;9;10;11;12;13;14;15;16;17;18;19;20;21;22;23;24;25;26;27;28;29;30;31;32;65;66;67;68;69;70;71;72;73;74;75;76;77;78;79;80;81;82;83;84;85;86;87;88;89;90;91;92;93;94;95;96;129;130;131;132;133;134;135;136;137;138;139;140;141;142;143;144;145;146;147;148;149;150;151;152;153;154;155;156;157;158;159;160;193;194;195;196;197;198;199;200;201;202;203;204;205;206;207;208;209;210;211;212;213;214;215;216;217;218;219;220;221;222;223;224;257;258;259;260;261;262;263;264;265;266;267;268;269;270;271;272;273;274;275;276;277;278;279;280;281;282;283;284;285;286;287;288;321;322;323;324;325;326;327;328;329;330;331;332;333;334;335;336;337;338;339;340;341;342;343;344;345;346;347;348;349;350;351;352;385;386;387;388;389;390;391;392;393;394;395;396;397;398;399;400;401;402;403;404;405;406;407;408;409;410;411;412;413;414;415;416;449;450;451;452;453;454;455;456;457;458;459;460;461;462;463;464;465;466;467;468;469;470;471;472;473;474;475;476;477;478;479;480}

bin 18
All words with emo prompt
.{33;34;35;36;37;38;39;40;41;42;43;44;45;46;47;48;49;50;51;52;53;54;55;56;57;58;59;60;61;62;63;64;97;98;99;100;101;102;103;104;105;106;107;108;109;110;111;112;113;114;115;116;117;118;119;120;121;122;123;124;125;126;127;128;161;162;163;164;165;166;167;168;169;170;171;172;173;174;175;176;177;178;179;180;181;182;183;184;185;186;187;188;189;190;191;192;225;226;227;228;229;230;231;232;233;234;235;236;237;238;239;240;241;242;243;244;245;246;247;248;249;250;251;252;253;254;255;256;289;290;291;292;293;294;295;296;297;298;299;300;301;302;303;304;305;306;307;308;309;310;311;312;313;314;315;316;317;318;319;320;353;354;355;356;357;358;359;360;361;362;363;364;365;366;367;368;369;370;371;372;373;374;375;376;377;378;379;380;381;382;383;384;417;418;419;420;421;422;423;424;425;426;427;428;429;430;431;432;433;434;435;436;437;438;439;440;441;442;443;444;445;446;447;448;481;482;483;484;485;486;487;488;489;490;491;492;493;494;495;496;497;498;499;500;501;502;503;504;505;506;507;508;509;510;511;512}

bin 19
All positive words with desc prompt
.{1;2;3;4;5;6;7;8;9;10;11;12;13;14;15;16;17;18;19;20;21;22;23;24;25;26;27;28;29;30;31;32;129;130;131;132;133;134;135;136;137;138;139;140;141;142;143;144;145;146;147;148;149;150;151;152;153;154;155;156;157;158;159;160;257;258;259;260;261;262;263;264;265;266;267;268;269;270;271;272;273;274;275;276;277;278;279;280;281;282;283;284;285;286;287;288;385;386;387;388;389;390;391;392;393;394;395;396;397;398;399;400;401;402;403;404;405;406;407;408;409;410;411;412;413;414;415;416}

bin 20
All negative words with desc prompt
.{65;66;67;68;69;70;71;72;73;74;75;76;77;78;79;80;81;82;83;84;85;86;87;88;89;90;91;92;93;94;95;96;193;194;195;196;197;198;199;200;201;202;203;204;205;206;207;208;209;210;211;212;213;214;215;216;217;218;219;220;221;222;223;224;321;322;323;324;325;326;327;328;329;330;331;332;333;334;335;336;337;338;339;340;341;342;343;344;345;346;347;348;349;350;351;352;449;450;451;452;453;454;455;456;457;458;459;460;461;462;463;464;465;466;467;468;469;470;471;472;473;474;475;476;477;478;479;480}

bin 21
All positive words with emo prompt
.{33;34;35;36;37;38;39;40;41;42;43;44;45;46;47;48;49;50;51;52;53;54;55;56;57;58;59;60;61;62;63;64;161;162;163;164;165;166;167;168;169;170;171;172;173;174;175;176;177;178;179;180;181;182;183;184;185;186;187;188;189;190;191;192;289;290;291;292;293;294;295;296;297;298;299;300;301;302;303;304;305;306;307;308;309;310;311;312;313;314;315;316;317;318;319;320;417;418;419;420;421;422;423;424;425;426;427;428;429;430;431;432;433;434;435;436;437;438;439;440;441;442;443;444;445;446;447;448}

bin 22
All negative words with emo prompt
.{97;98;99;100;101;102;103;104;105;106;107;108;109;110;111;112;113;114;115;116;117;118;119;120;121;122;123;124;125;126;127;128;225;226;227;228;229;230;231;232;233;234;235;236;237;238;239;240;241;242;243;244;245;246;247;248;249;250;251;252;253;254;255;256;353;354;355;356;357;358;359;360;361;362;363;364;365;366;367;368;369;370;371;372;373;374;375;376;377;378;379;380;381;382;383;384;481;482;483;484;485;486;487;488;489;490;491;492;493;494;495;496;497;498;499;500;501;502;503;504;505;506;507;508;509;510;511;512}

bin 23
All words with no answer
.{17;18;19;20;21;22;23;24;25;26;27;28;29;30;31;32;49;50;51;52;53;54;55;56;57;58;59;60;61;62;63;64;81;82;83;84;85;86;87;88;89;90;91;92;93;94;95;96;113;114;115;116;117;118;119;120;121;122;123;124;125;126;127;128;145;146;147;148;149;150;151;152;153;154;155;156;157;158;159;160;177;178;179;180;181;182;183;184;185;186;187;188;189;190;191;192;209;210;211;212;213;214;215;216;217;218;219;220;221;222;223;224;241;242;243;244;245;246;247;248;249;250;251;252;253;254;255;256;273;274;275;276;277;278;279;280;281;282;283;284;285;286;287;288;305;306;307;308;309;310;311;312;313;314;315;316;317;318;319;320;337;338;339;340;341;342;343;344;345;346;347;348;349;350;351;352;369;370;371;372;373;374;375;376;377;378;379;380;381;382;383;384;401;402;403;404;405;406;407;408;409;410;411;412;413;414;415;416;433;434;435;436;437;438;439;440;441;442;443;444;445;446;447;448;465;466;467;468;469;470;471;472;473;474;475;476;477;478;479;480;497;498;499;500;501;502;503;504;505;506;507;508;509;510;511;512}

bin 24
All words with yes answer
.{1;2;3;4;5;6;7;8;9;10;11;12;13;14;15;16;33;34;35;36;37;38;39;40;41;42;43;44;45;46;47;48;65;66;67;68;69;70;71;72;73;74;75;76;77;78;79;80;97;98;99;100;101;102;103;104;105;106;107;108;109;110;111;112;129;130;131;132;133;134;135;136;137;138;139;140;141;142;143;144;161;162;163;164;165;166;167;168;169;170;171;172;173;174;175;176;193;194;195;196;197;198;199;200;201;202;203;204;205;206;207;208;225;226;227;228;229;230;231;232;233;234;235;236;237;238;239;240;257;258;259;260;261;262;263;264;265;266;267;268;269;270;271;272;289;290;291;292;293;294;295;296;297;298;299;300;301;302;303;304;321;322;323;324;325;326;327;328;329;330;331;332;333;334;335;336;353;354;355;356;357;358;359;360;361;362;363;364;365;366;367;368;385;386;387;388;389;390;391;392;393;394;395;396;397;398;399;400;417;418;419;420;421;422;423;424;425;426;427;428;429;430;431;432;449;450;451;452;453;454;455;456;457;458;459;460;461;462;463;464;481;482;483;484;485;486;487;488;489;490;491;492;493;494;495;496}

bin 25
All positive words with desc prompt and yes answer
.{1;2;3;4;5;6;7;8;9;10;11;12;13;14;15;16;129;130;131;132;133;134;135;136;137;138;139;140;141;142;143;144;257;258;259;260;261;262;263;264;265;266;267;268;269;270;271;272;385;386;387;388;389;390;391;392;393;394;395;396;397;398;399;400}

bin 26
All positive words with desc prompt and no answer
.{17;18;19;20;21;22;23;24;25;26;27;28;29;30;31;32;145;146;147;148;149;150;151;152;153;154;155;156;157;158;159;160;273;274;275;276;277;278;279;280;281;282;283;284;285;286;287;288;401;402;403;404;405;406;407;408;409;410;411;412;413;414;415;416}

bin 27
All negative words with desc prompt and yes answer
.{65;66;67;68;69;70;71;72;73;74;75;76;77;78;79;80;193;194;195;196;197;198;199;200;201;202;203;204;205;206;207;208;321;322;323;324;325;326;327;328;329;330;331;332;333;334;335;336;449;450;451;452;453;454;455;456;457;458;459;460;461;462;463;464}

bin 28
All negative words with desc prompt and no answer
.{81;82;83;84;85;86;87;88;89;90;91;92;93;94;95;96;209;210;211;212;213;214;215;216;217;218;219;220;221;222;223;224;337;338;339;340;341;342;343;344;345;346;347;348;349;350;351;352;465;466;467;468;469;470;471;472;473;474;475;476;477;478;479;480}

bin 29
All positive words with emo prompt and yes answer
.{33;34;35;36;37;38;39;40;41;42;43;44;45;46;47;48;161;162;163;164;165;166;167;168;169;170;171;172;173;174;175;176;289;290;291;292;293;294;295;296;297;298;299;300;301;302;303;304;417;418;419;420;421;422;423;424;425;426;427;428;429;430;431;432}

bin 30
All positive words with emo prompt and no answer
.{49;50;51;52;53;54;55;56;57;58;59;60;61;62;63;64;177;178;179;180;181;182;183;184;185;186;187;188;189;190;191;192;305;306;307;308;309;310;311;312;313;314;315;316;317;318;319;320;433;434;435;436;437;438;439;440;441;442;443;444;445;446;447;448}

bin 31
All negative words with emo prompt and yes answer
.{97;98;99;100;101;102;103;104;105;106;107;108;109;110;111;112;225;226;227;228;229;230;231;232;233;234;235;236;237;238;239;240;353;354;355;356;357;358;359;360;361;362;363;364;365;366;367;368;481;482;483;484;485;486;487;488;489;490;491;492;493;494;495;496}

bin 32
All negative words with emo prompt and no answer
.{113;114;115;116;117;118;119;120;121;122;123;124;125;126;127;128;241;242;243;244;245;246;247;248;249;250;251;252;253;254;255;256;369;370;371;372;373;374;375;376;377;378;379;380;381;382;383;384;497;498;499;500;501;502;503;504;505;506;507;508;509;510;511;512}

bin 33
All recog high confidence
.{1;11;12;13;14;15;16;17;27;28;29;30;31;32;33;43;44;45;46;47;48;49;59;60;61;62;63;64;65;75;76;77;78;79;80;81;91;92;93;94;95;96;97;107;108;109;110;111;112;113;123;124;125;126;127;128;129;139;140;141;142;143;144;145;155;156;157;158;159;160;161;171;172;173;174;175;176;177;187;188;189;190;191;192;193;203;204;205;206;207;208;209;219;220;221;222;223;224;225;235;236;237;238;239;240;241;251;252;253;254;255;256;257;267;268;269;270;271;272;273;283;284;285;286;287;288;289;299;300;301;302;303;304;305;315;316;317;318;319;320;321;331;332;333;334;335;336;337;347;348;349;350;351;352;353;363;364;365;366;367;368;369;379;380;381;382;383;384;385;395;396;397;398;399;400;401;411;412;413;414;415;416;417;427;428;429;430;431;432;433;443;444;445;446;447;448;449;459;460;461;462;463;464;465;475;476;477;478;479;480;481;491;492;493;494;495;496;497;507;508;509;510;511;512}

bin 34
All medium recog confidence
.{2;5;6;7;8;9;10;18;21;22;23;24;25;26;34;37;38;39;40;41;42;50;53;54;55;56;57;58;66;69;70;71;72;73;74;82;85;86;87;88;89;90;98;101;102;103;104;105;106;114;117;118;119;120;121;122;130;133;134;135;136;137;138;146;149;150;151;152;153;154;162;165;166;167;168;169;170;178;181;182;183;184;185;186;194;197;198;199;200;201;202;210;213;214;215;216;217;218;226;229;230;231;232;233;234;242;245;246;247;248;249;250;258;261;262;263;264;265;266;274;277;278;279;280;281;282;290;293;294;295;296;297;298;306;309;310;311;312;313;314;322;325;326;327;328;329;330;338;341;342;343;344;345;346;354;357;358;359;360;361;362;370;373;374;375;376;377;378;386;389;390;391;392;393;394;402;405;406;407;408;409;410;418;421;422;423;424;425;426;434;437;438;439;440;441;442;450;453;454;455;456;457;458;466;469;470;471;472;473;474;482;485;486;487;488;489;490;498;501;502;503;504;505;506}

bin 35
All low recog confidence
.{3;4;19;20;35;36;51;52;67;68;83;84;99;100;115;116;131;132;147;148;163;164;179;180;195;196;211;212;227;228;243;244;259;260;275;276;291;292;307;308;323;324;339;340;355;356;371;372;387;388;403;404;419;420;435;436;451;452;467;468;483;484;499;500}

bin 36
All high confidence recog hits
.{11;12;13;14;15;16;27;28;29;30;31;32;43;44;45;46;47;48;59;60;61;62;63;64;75;76;77;78;79;80;91;92;93;94;95;96;107;108;109;110;111;112;123;124;125;126;127;128;139;140;141;142;143;144;155;156;157;158;159;160;171;172;173;174;175;176;187;188;189;190;191;192;203;204;205;206;207;208;219;220;221;222;223;224;235;236;237;238;239;240;251;252;253;254;255;256;267;268;269;270;271;272;283;284;285;286;287;288;299;300;301;302;303;304;315;316;317;318;319;320;331;332;333;334;335;336;347;348;349;350;351;352;363;364;365;366;367;368;379;380;381;382;383;384;395;396;397;398;399;400;411;412;413;414;415;416;427;428;429;430;431;432;443;444;445;446;447;448;459;460;461;462;463;464;475;476;477;478;479;480;491;492;493;494;495;496;507;508;509;510;511;512}

bin 37
All medium confidence recog hits
.{5;6;7;8;9;10;21;22;23;24;25;26;37;38;39;40;41;42;53;54;55;56;57;58;69;70;71;72;73;74;85;86;87;88;89;90;101;102;103;104;105;106;117;118;119;120;121;122;133;134;135;136;137;138;149;150;151;152;153;154;165;166;167;168;169;170;181;182;183;184;185;186;197;198;199;200;201;202;213;214;215;216;217;218;229;230;231;232;233;234;245;246;247;248;249;250;261;262;263;264;265;266;277;278;279;280;281;282;293;294;295;296;297;298;309;310;311;312;313;314;325;326;327;328;329;330;341;342;343;344;345;346;357;358;359;360;361;362;373;374;375;376;377;378;389;390;391;392;393;394;405;406;407;408;409;410;421;422;423;424;425;426;437;438;439;440;441;442;453;454;455;456;457;458;469;470;471;472;473;474;485;486;487;488;489;490;501;502;503;504;505;506}

bin 38
All low confidence recog hits
.{4;20;36;52;68;84;100;116;132;148;164;180;196;212;228;244;260;276;292;308;324;340;356;372;388;404;420;436;452;468;484;500}

bin 39
All high source confidence
.{5;10;11;16;21;26;27;32;37;42;43;48;53;58;59;64;69;74;75;80;85;90;91;96;101;106;107;112;117;122;123;128;133;138;139;144;149;154;155;160;165;170;171;176;181;186;187;192;197;202;203;208;213;218;219;224;229;234;235;240;245;250;251;256;261;266;267;272;277;282;283;288;293;298;299;304;309;314;315;320;325;330;331;336;341;346;347;352;357;362;363;368;373;378;379;384;389;394;395;400;405;410;411;416;421;426;427;432;437;442;443;448;453;458;459;464;469;474;475;480;485;490;491;496;501;506;507;512}

bin 40
All medium source confidence
.{6;9;12;15;22;25;28;31;38;41;44;47;54;57;60;63;70;73;76;79;86;89;92;95;102;105;108;111;118;121;124;127;134;137;140;143;150;153;156;159;166;169;172;175;182;185;188;191;198;201;204;207;214;217;220;223;230;233;236;239;246;249;252;255;262;265;268;271;278;281;284;287;294;297;300;303;310;313;316;319;326;329;332;335;342;345;348;351;358;361;364;367;374;377;380;383;390;393;396;399;406;409;412;415;422;425;428;431;438;441;444;447;454;457;460;463;470;473;476;479;486;489;492;495;502;505;508;511}

bin 41
All low source confidence
.{7;8;13;14;23;24;29;30;39;40;45;46;55;56;61;62;71;72;77;78;87;88;93;94;103;104;109;110;119;120;125;126;135;136;141;142;151;152;157;158;167;168;173;174;183;184;189;190;199;200;205;206;215;216;221;222;231;232;237;238;247;248;253;254;263;264;269;270;279;280;285;286;295;296;301;302;311;312;317;318;327;328;333;334;343;344;349;350;359;360;365;366;375;376;381;382;391;392;397;398;407;408;413;414;423;424;429;430;439;440;445;446;455;456;461;462;471;472;477;478;487;488;493;494;503;504;509;510}

bin 42
All high confidence source hits
.{10;16;26;32;37;43;53;59;74;80;90;96;101;107;117;123;138;144;154;160;165;171;181;187;202;208;218;224;229;235;245;251;266;272;282;288;293;299;309;315;330;336;346;352;357;363;373;379;394;400;410;416;421;427;437;443;458;464;474;480;485;491;501;507}

bin 43
All medium confidence source hits
.{9;15;25;31;38;44;54;60;73;79;89;95;102;108;118;124;137;143;153;159;166;172;182;188;201;207;217;223;230;236;246;252;265;271;281;287;294;300;310;316;329;335;345;351;358;364;374;380;393;399;409;415;422;428;438;444;457;463;473;479;486;492;502;508}

bin 44
All low confidence source hits
.{8;14;24;30;39;45;55;61;72;78;88;94;103;109;119;125;136;142;152;158;167;173;183;189;200;206;216;222;231;237;247;253;264;270;280;286;295;301;311;317;328;334;344;350;359;365;375;381;392;398;408;414;423;429;439;445;456;462;472;478;487;493;503;509}

bin 45
All high confidence source misses
.{5;11;21;27;42;48;58;64;69;75;85;91;106;112;122;128;133;139;149;155;170;176;186;192;197;203;213;219;234;240;250;256;261;267;277;283;298;304;314;320;325;331;341;347;362;368;378;384;389;395;405;411;426;432;442;448;453;459;469;475;490;496;506;512}

bin 46
All medium confidence source misses
.{6;12;22;28;41;47;57;63;70;76;86;92;105;111;121;127;134;140;150;156;169;175;185;191;198;204;214;220;233;239;249;255;262;268;278;284;297;303;313;319;326;332;342;348;361;367;377;383;390;396;406;412;425;431;441;447;454;460;470;476;489;495;505;511}

bin 47
All low confidence source misses
.{7;13;23;29;40;46;56;62;71;77;87;93;104;110;120;126;135;141;151;157;168;174;184;190;199;205;215;221;232;238;248;254;263;269;279;285;296;302;312;318;327;333;343;349;360;366;376;382;391;397;407;413;424;430;440;446;455;461;471;477;488;494;504;510}

bin 48
All block 1 words
.{1;2;3;4;5;6;7;8;9;10;11;12;13;14;15;16;17;18;19;20;21;22;23;24;25;26;27;28;29;30;31;32;33;34;35;36;37;38;39;40;41;42;43;44;45;46;47;48;49;50;51;52;53;54;55;56;57;58;59;60;61;62;63;64;65;66;67;68;69;70;71;72;73;74;75;76;77;78;79;80;81;82;83;84;85;86;87;88;89;90;91;92;93;94;95;96;97;98;99;100;101;102;103;104;105;106;107;108;109;110;111;112;113;114;115;116;117;118;119;120;121;122;123;124;125;126;127;128;129;130;131;132;133;134;135;136;137;138;139;140;141;142;143;144;145;146;147;148;149;150;151;152;153;154;155;156;157;158;159;160;161;162;163;164;165;166;167;168;169;170;171;172;173;174;175;176;177;178;179;180;181;182;183;184;185;186;187;188;189;190;191;192;193;194;195;196;197;198;199;200;201;202;203;204;205;206;207;208;209;210;211;212;213;214;215;216;217;218;219;220;221;222;223;224;225;226;227;228;229;230;231;232;233;234;235;236;237;238;239;240;241;242;243;244;245;246;247;248;249;250;251;252;253;254;255;256}

bin 49
All block 2 words
.{257;258;259;260;261;262;263;264;265;266;267;268;269;270;271;272;273;274;275;276;277;278;279;280;281;282;283;284;285;286;287;288;289;290;291;292;293;294;295;296;297;298;299;300;301;302;303;304;305;306;307;308;309;310;311;312;313;314;315;316;317;318;319;320;321;322;323;324;325;326;327;328;329;330;331;332;333;334;335;336;337;338;339;340;341;342;343;344;345;346;347;348;349;350;351;352;353;354;355;356;357;358;359;360;361;362;363;364;365;366;367;368;369;370;371;372;373;374;375;376;377;378;379;380;381;382;383;384;385;386;387;388;389;390;391;392;393;394;395;396;397;398;399;400;401;402;403;404;405;406;407;408;409;410;411;412;413;414;415;416;417;418;419;420;421;422;423;424;425;426;427;428;429;430;431;432;433;434;435;436;437;438;439;440;441;442;443;444;445;446;447;448;449;450;451;452;453;454;455;456;457;458;459;460;461;462;463;464;465;466;467;468;469;470;471;472;473;474;475;476;477;478;479;480;481;482;483;484;485;486;487;488;489;490;491;492;493;494;495;496;497;498;499;500;501;502;503;504;505;506;507;508;509;510;511;512}

bin 50
All positive block 1
.{1;2;3;4;5;6;7;8;9;10;11;12;13;14;15;16;17;18;19;20;21;22;23;24;25;26;27;28;29;30;31;32;33;34;35;36;37;38;39;40;41;42;43;44;45;46;47;48;49;50;51;52;53;54;55;56;57;58;59;60;61;62;63;64;129;130;131;132;133;134;135;136;137;138;139;140;141;142;143;144;145;146;147;148;149;150;151;152;153;154;155;156;157;158;159;160;161;162;163;164;165;166;167;168;169;170;171;172;173;174;175;176;177;178;179;180;181;182;183;184;185;186;187;188;189;190;191;192}

bin 51
All negative block 1
.{65;66;67;68;69;70;71;72;73;74;75;76;77;78;79;80;81;82;83;84;85;86;87;88;89;90;91;92;93;94;95;96;97;98;99;100;101;102;103;104;105;106;107;108;109;110;111;112;113;114;115;116;117;118;119;120;121;122;123;124;125;126;127;128;193;194;195;196;197;198;199;200;201;202;203;204;205;206;207;208;209;210;211;212;213;214;215;216;217;218;219;220;221;222;223;224;225;226;227;228;229;230;231;232;233;234;235;236;237;238;239;240;241;242;243;244;245;246;247;248;249;250;251;252;253;254;255;256}

bin 52
All recog hits block 1
.{4;5;6;7;8;9;10;11;12;13;14;15;16;20;21;22;23;24;25;26;27;28;29;30;31;32;36;37;38;39;40;41;42;43;44;45;46;47;48;52;53;54;55;56;57;58;59;60;61;62;63;64;68;69;70;71;72;73;74;75;76;77;78;79;80;84;85;86;87;88;89;90;91;92;93;94;95;96;100;101;102;103;104;105;106;107;108;109;110;111;112;116;117;118;119;120;121;122;123;124;125;126;127;128;132;133;134;135;136;137;138;139;140;141;142;143;144;148;149;150;151;152;153;154;155;156;157;158;159;160;164;165;166;167;168;169;170;171;172;173;174;175;176;180;181;182;183;184;185;186;187;188;189;190;191;192;196;197;198;199;200;201;202;203;204;205;206;207;208;212;213;214;215;216;217;218;219;220;221;222;223;224;228;229;230;231;232;233;234;235;236;237;238;239;240;244;245;246;247;248;249;250;251;252;253;254;255;256}

bin 53
All recog misses block 1
.{1;2;3;17;18;19;33;34;35;49;50;51;65;66;67;81;82;83;97;98;99;113;114;115;129;130;131;145;146;147;161;162;163;177;178;179;193;194;195;209;210;211;225;226;227;241;242;243}

bin 54
All positive recog hits block 1
.{4;5;6;7;8;9;10;11;12;13;14;15;16;20;21;22;23;24;25;26;27;28;29;30;31;32;36;37;38;39;40;41;42;43;44;45;46;47;48;52;53;54;55;56;57;58;59;60;61;62;63;64;132;133;134;135;136;137;138;139;140;141;142;143;144;148;149;150;151;152;153;154;155;156;157;158;159;160;164;165;166;167;168;169;170;171;172;173;174;175;176;180;181;182;183;184;185;186;187;188;189;190;191;192;196;197;198;199;200;201;202;203;204;205;206;207;208;212;213;214;215;216;217;218;219;220;221;222;223;224;228;229;230;231;232;233;234;235;236;237;238;239;240;244;245;246;247;248;249;250;251;252;253;254;255;256}

bin 55
All positive recog misses block 1
.{1;2;3;17;18;19;33;34;35;49;50;51;129;130;131;145;146;147;161;162;163;177;178;179;193;194;195;209;210;211;225;226;227;241;242;243}

bin 56
All negative recog hits block 1
.{68;69;70;71;72;73;74;75;76;77;78;79;80;84;85;86;87;88;89;90;91;92;93;94;95;96;100;101;102;103;104;105;106;107;108;109;110;111;112;116;117;118;119;120;121;122;123;124;125;126;127;128;196;197;198;199;200;201;202;203;204;205;206;207;208;212;213;214;215;216;217;218;219;220;221;222;223;224;228;229;230;231;232;233;234;235;236;237;238;239;240;244;245;246;247;248;249;250;251;252;253;254;255;256}

bin 57
All negative recog misses block 1
.{65;66;67;81;82;83;97;98;99;113;114;115;193;194;195;209;210;211;225;226;227;241;242;243}

bin 58
All source hits block 1
.{8;9;10;14;15;16;24;25;26;30;31;32;37;38;39;43;44;45;53;54;55;59;60;61;72;73;74;78;79;80;88;89;90;94;95;96;101;102;103;107;108;109;117;118;119;123;124;125;136;137;138;142;143;144;152;153;154;158;159;160;165;166;167;171;172;173;181;182;183;187;188;189;200;201;202;206;207;208;216;217;218;222;223;224;229;230;231;235;236;237;245;246;247;251;252;253}

bin 59
All source misses block 1
.{5;6;7;11;12;13;21;22;23;27;28;29;40;41;42;46;47;48;56;57;58;62;63;64;69;70;71;75;76;77;85;86;87;91;92;93;104;105;106;110;111;112;120;121;122;126;127;128;133;134;135;139;140;141;149;150;151;155;156;157;168;169;170;174;175;176;184;185;186;190;191;192;197;198;199;203;204;205;213;214;215;219;220;221;232;233;234;238;239;240;248;249;250;254;255;256}

bin 60
All positive source hits block 1
.{8;9;10;14;15;16;24;25;26;30;31;32;37;38;39;43;44;45;53;54;55;59;60;61;136;137;138;142;143;144;152;153;154;158;159;160;165;166;167;171;172;173;181;182;183;187;188;189}

bin 61
All negative source hits block 1
.{37;38;43;44;53;54;59;60;72;73;74;78;79;80;88;89;90;94;95;96;103;109;119;125;165;166;171;172;181;182;187;188;200;201;202;206;207;208;216;217;218;222;223;224;231;237;247;253}

bin 62
All positive source misses block 1
.{5;6;7;11;12;13;21;22;23;27;28;29;40;41;42;46;47;48;56;57;58;62;63;64;133;134;135;139;140;141;149;150;151;155;156;157;168;169;170;174;175;176;184;185;186;190;191;192}

bin 63
All negative source misses block 1
.{69;70;71;75;76;77;85;86;87;91;92;93;104;105;106;110;111;112;120;121;122;126;127;128;197;198;199;203;204;205;213;214;215;219;220;221;232;233;234;238;239;240;248;249;250;254;255;256}

bin 64
All words with describe prompt block 1
.{1;2;3;4;5;6;7;8;9;10;11;12;13;14;15;16;17;18;19;20;21;22;23;24;25;26;27;28;29;30;31;32;65;66;67;68;69;70;71;72;73;74;75;76;77;78;79;80;81;82;83;84;85;86;87;88;89;90;91;92;93;94;95;96;129;130;131;132;133;134;135;136;137;138;139;140;141;142;143;144;145;146;147;148;149;150;151;152;153;154;155;156;157;158;159;160;193;194;195;196;197;198;199;200;201;202;203;204;205;206;207;208;209;210;211;212;213;214;215;216;217;218;219;220;221;222;223;224}

bin 65
All words with emo prompt block 1
.{33;34;35;36;37;38;39;40;41;42;43;44;45;46;47;48;49;50;51;52;53;54;55;56;57;58;59;60;61;62;63;64;97;98;99;100;101;102;103;104;105;106;107;108;109;110;111;112;113;114;115;116;117;118;119;120;121;122;123;124;125;126;127;128;161;162;163;164;165;166;167;168;169;170;171;172;173;174;175;176;177;178;179;180;181;182;183;184;185;186;187;188;189;190;191;192;225;226;227;228;229;230;231;232;233;234;235;236;237;238;239;240;241;242;243;244;245;246;247;248;249;250;251;252;253;254;255;256}

bin 66
All positive words with desc prompt block 1
.{1;2;3;4;5;6;7;8;9;10;11;12;13;14;15;16;17;18;19;20;21;22;23;24;25;26;27;28;29;30;31;32;129;130;131;132;133;134;135;136;137;138;139;140;141;142;143;144;145;146;147;148;149;150;151;152;153;154;155;156;157;158;159;160}

bin 67
All negative words with desc prompt block 1
.{65;66;67;68;69;70;71;72;73;74;75;76;77;78;79;80;81;82;83;84;85;86;87;88;89;90;91;92;93;94;95;96;193;194;195;196;197;198;199;200;201;202;203;204;205;206;207;208;209;210;211;212;213;214;215;216;217;218;219;220;221;222;223;224}

bin 68
All positive words with emo prompt block 1
.{33;34;35;36;37;38;39;40;41;42;43;44;45;46;47;48;49;50;51;52;53;54;55;56;57;58;59;60;61;62;63;64;161;162;163;164;165;166;167;168;169;170;171;172;173;174;175;176;177;178;179;180;181;182;183;184;185;186;187;188;189;190;191;192}

bin 69
All negative words with emo prompt block 1
.{97;98;99;100;101;102;103;104;105;106;107;108;109;110;111;112;113;114;115;116;117;118;119;120;121;122;123;124;125;126;127;128;225;226;227;228;229;230;231;232;233;234;235;236;237;238;239;240;241;242;243;244;245;246;247;248;249;250;251;252;253;254;255;256}

bin 70
All words with no answer block 1
.{17;18;19;20;21;22;23;24;25;26;27;28;29;30;31;32;49;50;51;52;53;54;55;56;57;58;59;60;61;62;63;64;81;82;83;84;85;86;87;88;89;90;91;92;93;94;95;96;113;114;115;116;117;118;119;120;121;122;123;124;125;126;127;128;145;146;147;148;149;150;151;152;153;154;155;156;157;158;159;160;177;178;179;180;181;182;183;184;185;186;187;188;189;190;191;192;209;210;211;212;213;214;215;216;217;218;219;220;221;222;223;224;241;242;243;244;245;246;247;248;249;250;251;252;253;254;255;256}

bin 71
All words with yes answer block 1
.{1;2;3;4;5;6;7;8;9;10;11;12;13;14;15;16;33;34;35;36;37;38;39;40;41;42;43;44;45;46;47;48;65;66;67;68;69;70;71;72;73;74;75;76;77;78;79;80;97;98;99;100;101;102;103;104;105;106;107;108;109;110;111;112;129;130;131;132;133;134;135;136;137;138;139;140;141;142;143;144;161;162;163;164;165;166;167;168;169;170;171;172;173;174;175;176;193;194;195;196;197;198;199;200;201;202;203;204;205;206;207;208;225;226;227;228;229;230;231;232;233;234;235;236;237;238;239;240}

bin 72
All positive desc prompt with yes answer block 1
.{1;2;3;4;5;6;7;8;9;10;11;12;13;14;15;16;129;130;131;132;133;134;135;136;137;138;139;140;141;142;143;144}

bin 73
All positive desc prompt with no answer block 1
.{17;18;19;20;21;22;23;24;25;26;27;28;29;30;31;32;145;146;147;148;149;150;151;152;153;154;155;156;157;158;159;160}

bin 74
All negative desc prompt with yes answer block 1
.{65;66;67;68;69;70;71;72;73;74;75;76;77;78;79;80;193;194;195;196;197;198;199;200;201;202;203;204;205;206;207;208}

bin 75
All negative desc prompt with no answer block 1
.{81;82;83;84;85;86;87;88;89;90;91;92;93;94;95;96;209;210;211;212;213;214;215;216;217;218;219;220;221;222;223;224}

bin 76
All positive emo prompt with yes answer block 1
.{33;34;35;36;37;38;39;40;41;42;43;44;45;46;47;48;161;162;163;164;165;166;167;168;169;170;171;172;173;174;175;176}

bin 77
All positive emo prompt with no answer block 1
.{49;50;51;52;53;54;55;56;57;58;59;60;61;62;63;64;177;178;179;180;181;182;183;184;185;186;187;188;189;190;191;192}

bin 78
All negative emo prompt with yes answer block 1
.{97;98;99;100;101;102;103;104;105;106;107;108;109;110;111;112;225;226;227;228;229;230;231;232;233;234;235;236;237;238;239;240}

bin 79
All negative emo prompt with no answer block 1
.{113;114;115;116;117;118;119;120;121;122;123;124;125;126;127;128;241;242;243;244;245;246;247;248;249;250;251;252;253;254;255;256}

bin 80
All low recog confidence block 1
.{3;4;19;20;35;36;51;52;67;68;83;84;99;100;115;116;131;132;147;148;163;164;179;180;195;196;211;212;227;228;243;244}

bin 81
All medium recog confidence block 1
.{2;5;6;7;8;9;10;18;21;22;23;24;25;26;34;37;38;39;40;41;42;50;53;54;55;56;57;58;66;69;70;71;72;73;74;82;85;86;87;88;89;90;98;101;102;103;104;105;106;114;117;118;119;120;121;122;130;133;134;135;136;137;138;146;149;150;151;152;153;154;162;165;166;167;168;169;170;178;181;182;183;184;185;186;194;197;198;199;200;201;202;210;213;214;215;216;217;218;226;229;230;231;232;233;234;242;245;246;247;248;249;250}

bin 82
All high recog confidence block 1
.{1;11;12;13;14;15;16;17;27;28;29;30;31;32;33;43;44;45;46;47;48;49;59;60;61;62;63;64;65;75;76;77;78;79;80;81;91;92;93;94;95;96;97;107;108;109;110;111;112;113;123;124;125;126;127;128;129;139;140;141;142;143;144;145;155;156;157;158;159;160;161;171;172;173;174;175;176;177;187;188;189;190;191;192;193;203;204;205;206;207;208;209;219;220;221;222;223;224;225;235;236;237;238;239;240;241;251;252;253;254;255;256}

bin 83
All high recog confidence hits block 1
.{11;12;13;14;15;16;27;28;29;30;31;32;43;44;45;46;47;48;59;60;61;62;63;64;75;76;77;78;79;80;91;92;93;94;95;96;107;108;109;110;111;112;123;124;125;126;127;128;139;140;141;142;143;144;155;156;157;158;159;160;171;172;173;174;175;176;187;188;189;190;191;192;203;204;205;206;207;208;219;220;221;222;223;224;235;236;237;238;239;240;251;252;253;254;255;256}

bin 84
All medium recog confidence hits block 1
.{5;6;7;8;9;10;21;22;23;24;25;26;37;38;39;40;41;42;53;54;55;56;57;58;69;70;71;72;73;74;85;86;87;88;89;90;101;102;103;104;105;106;117;118;119;120;121;122;133;134;135;136;137;138;149;150;151;152;153;154;165;166;167;168;169;170;181;182;183;184;185;186;197;198;199;200;201;202;213;214;215;216;217;218;229;230;231;232;233;234;245;246;247;248;249;250}

bin 85
All low recog confidence hits block 1
.{4;20;36;52;68;84;100;116;132;148;164;180;196;212;228;244}

bin 86
All high recog confidence misses block 1
.{1;17;33;49;65;81;97;113;129;145;161;177;193;209;225;241}

bin 87
All medium recog confidence misses block 1
.{2;18;34;50;66;82;98;114;130;146;162;178;194;210;226;242}

bin 88
All low recog confidence misses block 1
.{3;19;35;51;67;83;99;115;131;147;163;179;195;211;227;243}

bin 89
All high source confidence block 1
.{5;10;11;16;21;26;27;32;37;42;43;48;53;58;59;64;69;74;75;80;85;90;91;96;101;106;107;112;117;122;123;128;133;138;139;144;149;154;155;160;165;170;171;176;181;186;187;192;197;202;203;208;213;218;219;224;229;234;235;240;245;250;251;256}

bin 90
All medium source confidence block 1
.{6;9;12;15;22;25;28;31;38;41;44;47;54;57;60;63;70;73;76;79;86;89;92;95;102;105;108;111;118;121;124;127;134;137;140;143;150;153;156;159;166;169;172;175;182;185;188;191;198;201;204;207;214;217;220;223;230;233;236;239;246;249;252;255}

bin 91
All low source confidence block 1
.{7;8;13;14;23;24;29;30;39;40;45;46;55;56;61;62;71;72;77;78;87;88;93;94;103;104;109;110;119;120;125;126;135;136;141;142;151;152;157;158;167;168;173;174;183;184;189;190;199;200;205;206;215;216;221;222;231;232;237;238;247;248;253;254}

bin 92
All high source confidence hits block 1
.{10;16;26;32;37;43;53;59;74;80;90;96;101;107;117;123;138;144;154;160;165;171;181;187;202;208;218;224;229;235;245;251}

bin 93
All medium source confidence hits block 1
.{9;15;25;31;38;44;54;60;73;79;89;95;102;108;118;124;137;143;153;159;166;172;182;188;201;207;217;223;230;236;246;252}

bin 94
All low source confidence hits block 1
.{8;14;24;30;39;45;55;61;72;78;88;94;103;109;119;125;136;142;152;158;167;173;183;189;200;206;216;222;231;237;247;253}

bin 95
All high source confidence misses block 1
.{5;11;21;27;42;48;58;64;69;75;85;91;106;112;122;128;133;139;149;155;170;176;186;192;197;203;213;219;234;240;250;256}

bin 96
All medium source confidence misses block 1
.{6;12;22;28;41;47;57;63;70;76;86;92;105;111;121;127;134;140;150;156;169;175;185;191;198;204;214;220;233;239;249;255}

bin 97
All low source confidence misses block 1
.{7;13;23;29;40;46;56;62;71;77;87;93;104;110;120;126;135;141;151;157;168;174;184;190;199;205;215;221;232;238;248;254}

bin 98
All positive block 2
.{257;258;259;260;261;262;263;264;265;266;267;268;269;270;271;272;273;274;275;276;277;278;279;280;281;282;283;284;285;286;287;288;289;290;291;292;293;294;295;296;297;298;299;300;301;302;303;304;305;306;307;308;309;310;311;312;313;314;315;316;317;318;319;320;385;386;387;388;389;390;391;392;393;394;395;396;397;398;399;400;401;402;403;404;405;406;407;408;409;410;411;412;413;414;415;416;417;418;419;420;421;422;423;424;425;426;427;428;429;430;431;432;433;434;435;436;437;438;439;440;441;442;443;444;445;446;447;448}

bin 99
All negative block 2
.{321;322;323;324;325;326;327;328;329;330;331;332;333;334;335;336;337;338;339;340;341;342;343;344;345;346;347;348;349;350;351;352;353;354;355;356;357;358;359;360;361;362;363;364;365;366;367;368;369;370;371;372;373;374;375;376;377;378;379;380;381;382;383;384;449;450;451;452;453;454;455;456;457;458;459;460;461;462;463;464;465;466;467;468;469;470;471;472;473;474;475;476;477;478;479;480;481;482;483;484;485;486;487;488;489;490;491;492;493;494;495;496;497;498;499;500;501;502;503;504;505;506;507;508;509;510;511;512}

bin 100
All recog hits block 2
.{260;261;262;263;264;265;266;267;268;269;270;271;272;276;277;278;279;280;281;282;283;284;285;286;287;288;292;293;294;295;296;297;298;299;300;301;302;303;304;308;309;310;311;312;313;314;315;316;317;318;319;320;324;325;326;327;328;329;330;331;332;333;334;335;336;340;341;342;343;344;345;346;347;348;349;350;351;352;356;357;358;359;360;361;362;363;364;365;366;367;368;372;373;374;375;376;377;378;379;380;381;382;383;384;388;389;390;391;392;393;394;395;396;397;398;399;400;404;405;406;407;408;409;410;411;412;413;414;415;416;420;421;422;423;424;425;426;427;428;429;430;431;432;436;437;438;439;440;441;442;443;444;445;446;447;448;452;453;454;455;456;457;458;459;460;461;462;463;464;468;469;470;471;472;473;474;475;476;477;478;479;480;484;485;486;487;488;489;490;491;492;493;494;495;496;500;501;502;503;504;505;506;507;508;509;510;511;512}

bin 101
All recog misses block 2
.{257;258;259;273;274;275;289;290;291;305;306;307;321;322;323;337;338;339;353;354;355;369;370;371;385;386;387;401;402;403;417;418;419;433;434;435;449;450;451;465;466;467;481;482;483;497;498;499}

bin 102
All positive recog hits block 2
.{260;261;262;263;264;265;266;267;268;269;270;271;272;276;277;278;279;280;281;282;283;284;285;286;287;288;292;293;294;295;296;297;298;299;300;301;302;303;304;308;309;310;311;312;313;314;315;316;317;318;319;320;388;389;390;391;392;393;394;395;396;397;398;399;400;404;405;406;407;408;409;410;411;412;413;414;415;416;420;421;422;423;424;425;426;427;428;429;430;431;432;436;437;438;439;440;441;442;443;444;445;446;447;448}

bin 103
All positive recog misses block 2
.{257;258;259;273;274;275;289;290;291;305;306;307;385;386;387;401;402;403;417;418;419;433;434;435}

bin 104
All negative recog hits block 2
.{324;325;326;327;328;329;330;331;332;333;334;335;336;340;341;342;343;344;345;346;347;348;349;350;351;352;356;357;358;359;360;361;362;363;364;365;366;367;368;372;373;374;375;376;377;378;379;380;381;382;383;384;452;453;454;455;456;457;458;459;460;461;462;463;464;468;469;470;471;472;473;474;475;476;477;478;479;480;484;485;486;487;488;489;490;491;492;493;494;495;496;500;501;502;503;504;505;506;507;508;509;510;511;512}

bin 105
All negative recog misses block 2
.{321;322;323;337;338;339;353;354;355;369;370;371;449;450;451;465;466;467;481;482;483;497;498;499}

bin 106
All source hits block 2
.{264;265;266;270;271;272;280;281;282;286;287;288;293;294;295;299;300;301;309;310;311;315;316;317;328;329;330;334;335;336;344;345;346;350;351;352;357;358;359;363;364;365;373;374;375;379;380;381;392;393;394;398;399;400;408;409;410;414;415;416;421;422;423;427;428;429;437;438;439;443;444;445;456;457;458;462;463;464;472;473;474;478;479;480;485;486;487;491;492;493;501;502;503;507;508;509}

bin 107
All source misses block 2
.{261;262;263;267;268;269;277;278;279;283;284;285;296;297;298;302;303;304;312;313;314;318;319;320;325;326;327;331;332;333;341;342;343;347;348;349;360;361;362;366;367;368;376;377;378;382;383;384;389;390;391;395;396;397;405;406;407;411;412;413;424;425;426;430;431;432;440;441;442;446;447;448;453;454;455;459;460;461;469;470;471;475;476;477;488;489;490;494;495;496;504;505;506;510;511;512}

bin 108
All negative source hits block 2
.{328;329;330;334;335;336;344;345;346;350;351;352;357;358;359;363;364;365;373;374;375;379;380;381;456;457;458;462;463;464;472;473;474;478;479;480;485;486;487;491;492;493;501;502;503;507;508;509}

bin 109
All negative source misses block 2
.{325;326;327;331;332;333;341;342;343;347;348;349;360;361;362;366;367;368;376;377;378;382;383;384;453;454;455;459;460;461;469;470;471;475;476;477;488;489;490;494;495;496;504;505;506;510;511;512}

bin 110
All positive source hits block 2
.{264;265;266;270;271;272;280;281;282;286;287;288;293;294;295;299;300;301;309;310;311;315;316;317;392;393;394;398;399;400;408;409;410;414;415;416;421;422;423;427;428;429;437;438;439;443;444;445}

bin 111
All positive source misses block 2
.{261;262;263;267;268;269;277;278;279;283;284;285;296;297;298;302;303;304;312;313;314;318;319;320;389;390;391;395;396;397;405;406;407;411;412;413;424;425;426;430;431;432;440;441;442;446;447;448}

bin 112
All words with desc prompt block 2
.{257;258;259;260;261;262;263;264;265;266;267;268;269;270;271;272;273;274;275;276;277;278;279;280;281;282;283;284;285;286;287;288;385;386;387;388;389;390;391;392;393;394;395;396;397;398;399;400;401;402;403;404;405;406;407;408;409;410;411;412;413;414;415;416;321;322;323;324;325;326;327;328;329;330;331;332;333;334;335;336;337;338;339;340;341;342;343;344;345;346;347;348;349;350;351;352;449;450;451;452;453;454;455;456;457;458;459;460;461;462;463;464;465;466;467;468;469;470;471;472;473;474;475;476;477;478;479;480}

bin 113
All positive words with desc prompt block 2
.{257;258;259;260;261;262;263;264;265;266;267;268;269;270;271;272;273;274;275;276;277;278;279;280;281;282;283;284;285;286;287;288;385;386;387;388;389;390;391;392;393;394;395;396;397;398;399;400;401;402;403;404;405;406;407;408;409;410;411;412;413;414;415;416}

bin 114
All negative words with desc prompt block 2
.{321;322;323;324;325;326;327;328;329;330;331;332;333;334;335;336;337;338;339;340;341;342;343;344;345;346;347;348;349;350;351;352;449;450;451;452;453;454;455;456;457;458;459;460;461;462;463;464;465;466;467;468;469;470;471;472;473;474;475;476;477;478;479;480}

bin 115
All words with emo prompt block 2
.{289;290;291;292;293;294;295;296;297;298;299;300;301;302;303;304;305;306;307;308;309;310;311;312;313;314;315;316;317;318;319;320;417;418;419;420;421;422;423;424;425;426;427;428;429;430;431;432;433;434;435;436;437;438;439;440;441;442;443;444;445;446;447;448;353;354;355;356;357;358;359;360;361;362;363;364;365;366;367;368;369;370;371;372;373;374;375;376;377;378;379;380;381;382;383;384;481;482;483;484;485;486;487;488;489;490;491;492;493;494;495;496;497;498;499;500;501;502;503;504;505;506;507;508;509;510;511;512}

bin 116
All positive words with emo prompt block 2
.{289;290;291;292;293;294;295;296;297;298;299;300;301;302;303;304;305;306;307;308;309;310;311;312;313;314;315;316;317;318;319;320;417;418;419;420;421;422;423;424;425;426;427;428;429;430;431;432;433;434;435;436;437;438;439;440;441;442;443;444;445;446;447;448}

bin 117
All negative words with emo prompt block 2
.{353;354;355;356;357;358;359;360;361;362;363;364;365;366;367;368;369;370;371;372;373;374;375;376;377;378;379;380;381;382;383;384;481;482;483;484;485;486;487;488;489;490;491;492;493;494;495;496;497;498;499;500;501;502;503;504;505;506;507;508;509;510;511;512}

bin 118
All words with no answer block 2
.{273;274;275;276;277;278;279;280;281;282;283;284;285;286;287;288;305;306;307;308;309;310;311;312;313;314;315;316;317;318;319;320;337;338;339;340;341;342;343;344;345;346;347;348;349;350;351;352;369;370;371;372;373;374;375;376;377;378;379;380;381;382;383;384;401;402;403;404;405;406;407;408;409;410;411;412;413;414;415;416;433;434;435;436;437;438;439;440;441;442;443;444;445;446;447;448;465;466;467;468;469;470;471;472;473;474;475;476;477;478;479;480;497;498;499;500;501;502;503;504;505;506;507;508;509;510;511;512}

bin 119
All words with yes answer block 2
.{257;258;259;260;261;262;263;264;265;266;267;268;269;270;271;272;289;290;291;292;293;294;295;296;297;298;299;300;301;302;303;304;321;322;323;324;325;326;327;328;329;330;331;332;333;334;335;336;353;354;355;356;357;358;359;360;361;362;363;364;365;366;367;368;385;386;387;388;389;390;391;392;393;394;395;396;397;398;399;400;417;418;419;420;421;422;423;424;425;426;427;428;429;430;431;432;449;450;451;452;453;454;455;456;457;458;459;460;461;462;463;464;481;482;483;484;485;486;487;488;489;490;491;492;493;494;495;496}

bin 120
All positive words with desc prompt and yes answer block 2
.{257;258;259;260;261;262;263;264;265;266;267;268;269;270;271;272;385;386;387;388;389;390;391;392;393;394;395;396;397;398;399;400}

bin 121
All positive words with desc prompt and no answer block 2
.{273;274;275;276;277;278;279;280;281;282;283;284;285;286;287;288;401;402;403;404;405;406;407;408;409;410;411;412;413;414;415;416}

bin 122
All negative words with desc prompt and yes answer block 2
.{321;322;323;324;325;326;327;328;329;330;331;332;333;334;335;336;449;450;451;452;453;454;455;456;457;458;459;460;461;462;463;464}

bin 123
All negative words with desc prompt and no answer block 2
.{337;338;339;340;341;342;343;344;345;346;347;348;349;350;351;352;465;466;467;468;469;470;471;472;473;474;475;476;477;478;479;480}

bin 124
All positive words with emo prompt and yes answer block 2
.{289;290;291;292;293;294;295;296;297;298;299;300;301;302;303;304;417;418;419;420;421;422;423;424;425;426;427;428;429;430;431;432}

bin 125
All positive words with emo prompt and no answer block 2
.{305;306;307;308;309;310;311;312;313;314;315;316;317;318;319;320;433;434;435;436;437;438;439;440;441;442;443;444;445;446;447;448}

bin 126
All negative words with emo prompt and yes answer block 2
.{353;354;355;356;357;358;359;360;361;362;363;364;365;366;367;368;481;482;483;484;485;486;487;488;489;490;491;492;493;494;495;496}

bin 127
All negative words with emo prompt and no answer block 2
.{369;370;371;372;373;374;375;376;377;378;379;380;381;382;383;384;497;498;499;500;501;502;503;504;505;506;507;508;509;510;511;512}

bin 128
All high recog confidence block 2
.{257;267;268;269;270;271;272;273;283;284;285;286;287;288;289;299;300;301;302;303;304;305;315;316;317;318;319;320;321;331;332;333;334;335;336;337;347;348;349;350;351;352;353;363;364;365;366;367;368;369;379;380;381;382;383;384;385;395;396;397;398;399;400;401;411;412;413;414;415;416;417;427;428;429;430;431;432;433;443;444;445;446;447;448;449;459;460;461;462;463;464;465;475;476;477;478;479;480;481;491;492;493;494;495;496;497;507;508;509;510;511;512}

bin 129
All medium recog confidence block 2
.{258;261;262;263;264;265;266;274;277;278;279;280;281;282;290;293;294;295;296;297;298;306;309;310;311;312;313;314;322;325;326;327;328;329;330;338;341;342;343;344;345;346;354;357;358;359;360;361;362;370;373;374;375;376;377;378;386;389;390;391;392;393;394;402;405;406;407;408;409;410;418;421;422;423;424;425;426;434;437;438;439;440;441;442;450;453;454;455;456;457;458;466;469;470;471;472;473;474;482;485;486;487;488;489;490;498;501;502;503;504;505;506}

bin 130
All low recog confidence block 2
.{259;260;275;276;291;292;307;308;323;324;339;340;355;356;371;372;387;388;403;404;419;420;435;436;451;452;467;468;483;484;499;500}

bin 131
All high confidence hits block 2
.{267;268;269;270;271;272;283;284;285;286;287;288;299;300;301;302;303;304;315;316;317;318;319;320;331;332;333;334;335;336;347;348;349;350;351;352;363;364;365;366;367;368;379;380;381;382;383;384;395;396;397;398;399;400;411;412;413;414;415;416;427;428;429;430;431;432;443;444;445;446;447;448;459;460;461;462;463;464;475;476;477;478;479;480;491;492;493;494;495;496;507;508;509;510;511;512}

bin 132
All medium confidence hits block 2
.{261;262;263;264;265;266;277;278;279;280;281;282;293;294;295;296;297;298;309;310;311;312;313;314;325;326;327;328;329;330;341;342;343;344;345;346;357;358;359;360;361;362;373;374;375;376;377;378;389;390;391;392;393;394;405;406;407;408;409;410;421;422;423;424;425;426;437;438;439;440;441;442;453;454;455;456;457;458;469;470;471;472;473;474;485;486;487;488;489;490;501;502;503;504;505;506}

bin 133
All low confidence hits block 2
.{260;276;292;308;324;340;356;372;388;404;420;436;452;468;484;500}

bin 134
All high confidence misses block 2
.{257;273;289;305;321;337;353;369;385;401;417;433;449;465;481;497}

bin 135
All medium confidence misses block 2
.{258;274;290;306;322;338;354;370;386;402;418;434;450;466;482;498}

bin 136
All low confidence misses block 2
.{259;275;291;307;323;339;355;371;387;403;419;435;451;467;483;499}

bin 137
All high source confidence block 2
.{261;266;267;272;277;282;283;288;293;298;299;304;309;314;315;320;325;330;331;336;341;346;347;352;357;362;363;368;373;378;379;384;389;394;395;400;405;410;411;416;421;426;427;432;437;442;443;448;453;458;459;464;469;474;475;480;485;490;491;496;501;506;507;512}

bin 138
All medium source confidence block 2
.{262;265;268;271;278;281;284;287;294;297;300;303;310;313;316;319;326;329;332;335;342;345;348;351;358;361;364;367;374;377;380;383;390;393;396;399;406;409;412;415;422;425;428;431;438;441;444;447;454;457;460;463;470;473;476;479;486;489;492;495;502;505;508;511}

bin 139
All low source confidence block 2
.{263;264;269;270;279;280;285;286;295;296;301;302;311;312;317;318;327;328;333;334;343;344;349;350;359;360;365;366;375;376;381;382;391;392;397;398;407;408;413;414;423;424;429;430;439;440;445;446;455;456;461;462;471;472;477;478;487;488;493;494;503;504;509;510}

bin 140
All high source confidence hits block 2
.{266;272;282;288;293;299;309;315;330;336;346;352;357;363;373;379;394;400;410;416;421;427;437;443;458;464;474;480;485;491;501;507}

bin 141
All mediums source confidence misses block 2
.{265;271;281;287;294;300;310;316;329;335;345;351;358;364;374;380;393;399;409;415;422;428;438;444;457;463;473;479;486;492;502;508}

bin 142
All low source confidence hits block 2
.{264;270;280;286;295;301;311;317;328;334;344;350;359;365;375;381;392;398;408;414;423;429;439;445;456;462;472;478;487;493;503;509}

bin 143
All high source confidence misses block 2
.{261;267;277;283;298;304;314;320;325;331;341;347;362;368;378;384;389;395;405;411;426;432;442;448;453;459;469;475;490;496;506;512}

bin 144
All medium source confidence misses block 2
.{262;268;278;284;297;303;313;319;326;332;342;348;361;367;377;383;390;396;406;412;425;431;441;447;454;460;470;476;489;495;505;511}

bin 145
All low source confidence misses block 2
.{263;269;279;285;296;302;312;318;327;333;343;349;360;366;376;382;391;397;407;413;424;430;440;446;455;461;471;477;488;494;504;510}

























