bin 1
All Hits
.{4;5;6;7;8;9;10;11;12;13;14;15;16;17;18;22;23;24;25;26;27;28;29;30;31;32;33;34;35;36;40;41;42;43;44;45;46;47;48;49;50;51;52;53;54;58;59;60;61;62;63;64;65;66;67;68;69;70;71;72;76;77;78;79;80;81;82;83;84;85;86;87;88;89;90;94;95;96;97;98;99;100;101;102;103;104;105;106;107;108;112;113;114;115;116;117;118;119;120;121;122;123;124;125;126;130;131;132;133;134;135;136;137;138;139;140;141;142;143;144;321;322;323;324;325;326;327;328;329;330;331;332;333;334;335;339;340;341;342;343;344;345;346;347;348;349;350;351;352;353;357;358;359;360;361;362;363;364;365;366;367;368;369;370;371;375;376;377;378;379;380;381;382;383;384;385;386;387;388;389;393;394;395;396;397;398;399;400;401;402;403;404;405;406;407;411;412;413;414;415;416;417;418;419;420;421;422;423;424;425;429;430;431;432;433;434;435;436;437;438;439;440;441;442;443;447;448;449;450;451;452;453;454;455;456;457;458;459;460;461;638;639;640;641;642;643;644;645;646;647;648;649;650;651;652;656;657;658;659;660;661;662;663;664;665;666;667;668;669;670;674;675;676;677;678;679;680;681;682;683;684;685;686;687;688;692;693;694;695;696;697;698;699;700;701;702;703;704;705;706;710;711;712;713;714;715;716;717;718;719;720;721;722;723;724;728;729;730;731;732;733;734;735;736;737;738;739;740;741;742;746;747;748;749;750;751;752;753;754;755;756;757;758;759;760;764;765;766;767;768;769;770;771;772;773;774;775;776;777;778;894;895;896;897;898;899;900;901;902;903;904;905;906;907;908;912;913;914;915;916;917;918;919;920;921;922;923;924;925;926;930;931;932;933;934;935;936;937;938;939;940;941;942;943;944;948;949;950;951;952;953;954;955;956;957;958;959;960;961;962;966;967;968;969;970;971;972;973;974;975;976;977;978;979;980;984;985;986;987;988;989;990;991;992;993;994;995;996;997;998;1002;1003;1004;1005;1006;1007;1008;1009;1010;1011;1012;1013;1014;1015;1016;1020;1021;1022;1023;1024;1025;1026;1027;1028;1029;1030;1031;1032;1033;1034}

bin 2
All Misses
.{1;2;3;19;20;21;37;38;39;55;56;57;73;74;75;91;92;93;109;110;111;127;128;129;318;319;320;336;337;338;354;355;356;372;373;374;390;391;392;408;409;410;426;427;428;444;445;446;635;636;637;653;654;655;671;672;673;689;690;691;707;708;709;725;726;727;743;744;745;761;762;763;891;892;893;909;910;911;927;928;929;945;946;947;963;964;965;981;982;983;999;1000;1001;1017;1018;1019}

bin 3
Correct Rejection
.{145;146;147;163;164;165;462;463;464;480;481;482}

bin 4
False Alarm
.{148;149;150;151;152;153;154;155;156;157;158;159;160;161;162;166;167;168;169;170;171;172;173;174;175;176;177;178;179;180;465;466;467;468;469;470;471;472;473;474;475;476;477;478;479;483;484;485;486;487;488;489;490;491;492;493;494;495;496;497}

bin 5
Recog Old
.{1;2;3;4;5;6;7;8;9;10;11;12;13;14;15;16;17;18;19;20;21;22;23;24;25;26;27;28;29;30;31;32;33;34;35;36;37;38;39;40;41;42;43;44;45;46;47;48;49;50;51;52;53;54;55;56;57;58;59;60;61;62;63;64;65;66;67;68;69;70;71;72;73;74;75;76;77;78;79;80;81;82;83;84;85;86;87;88;89;90;91;92;93;94;95;96;97;98;99;100;101;102;103;104;105;106;107;108;109;110;111;112;113;114;115;116;117;118;119;120;121;122;123;124;125;126;127;128;129;130;131;132;133;134;135;136;137;138;139;140;141;142;143;144;318;319;320;321;322;323;324;325;326;327;328;329;330;331;332;333;334;335;336;337;338;339;340;341;342;343;344;345;346;347;348;349;350;351;352;353;354;355;356;357;358;359;360;361;362;363;364;365;366;367;368;369;370;371;372;373;374;375;376;377;378;379;380;381;382;383;384;385;386;387;388;389;390;391;392;393;394;395;396;397;398;399;400;401;402;403;404;405;406;407;408;409;410;411;412;413;414;415;416;417;418;419;420;421;422;423;424;425;426;427;428;429;430;431;432;433;434;435;436;437;438;439;440;441;442;443;444;445;446;447;448;449;450;451;452;453;454;455;456;457;458;459;460;461;635;636;637;638;639;640;641;642;643;644;645;646;647;648;649;650;651;652;653;654;655;656;657;658;659;660;661;662;663;664;665;666;667;668;669;670;671;672;673;674;675;676;677;678;679;680;681;682;683;684;685;686;687;688;689;690;691;692;693;694;695;696;697;698;699;700;701;702;703;704;705;706;707;708;709;710;711;712;713;714;715;716;717;718;719;720;721;722;723;724;725;726;727;728;729;730;731;732;733;734;735;736;737;738;739;740;741;742;743;744;745;746;747;748;749;750;751;752;753;754;755;756;757;758;759;760;761;762;763;764;765;766;767;768;769;770;771;772;773;774;775;776;777;778;891;892;893;894;895;896;897;898;899;900;901;902;903;904;905;906;907;908;909;910;911;912;913;914;915;916;917;918;919;920;921;922;923;924;925;926;927;928;929;930;931;932;933;934;935;936;937;938;939;940;941;942;943;944;945;946;947;948;949;950;951;952;953;954;955;956;957;958;959;960;961;962;963;964;965;966;967;968;969;970;971;972;973;974;975;976;977;978;979;980;981;982;983;984;985;986;987;988;989;990;991;992;993;994;995;996;997;998;999;1000;1001;1002;1003;1004;1005;1006;1007;1008;1009;1010;1011;1012;1013;1014;1015;1016;1017;1018;1019;1020;1021;1022;1023;1024;1025;1026;1027;1028;1029;1030;1031;1032;1033;1034}

bin 6
Recog New
.{145;146;147;148;149;150;151;152;153;154;155;156;157;158;159;160;161;162;163;164;165;166;167;168;169;170;171;172;173;174;175;176;177;178;179;180;462;463;464;465;466;467;468;469;470;471;472;473;474;475;476;477;478;479;480;481;482;483;484;485;486;487;488;489;490;491;492;493;494;495;496;497}

bin 7
Recog old positive
.{1;2;3;4;5;6;7;8;9;10;11;12;13;14;15;16;17;18;19;20;21;22;23;24;25;26;27;28;29;30;31;32;33;34;35;36;37;38;39;40;41;42;43;44;45;46;47;48;49;50;51;52;53;54;55;56;57;58;59;60;61;62;63;64;65;66;67;68;69;70;71;72;318;319;320;321;322;323;324;325;326;327;328;329;330;331;332;333;334;335;336;337;338;339;340;341;342;343;344;345;346;347;348;349;350;351;352;353;354;355;356;357;358;359;360;361;362;363;364;365;366;367;368;369;370;371;372;373;374;375;376;377;378;379;380;381;382;383;384;385;386;387;388;389;635;636;637;638;639;640;641;642;643;644;645;646;647;648;649;650;651;652;653;654;655;656;657;658;659;660;661;662;663;664;665;666;667;668;669;670;671;672;673;674;675;676;677;678;679;680;681;682;683;684;685;686;687;688;689;690;691;692;693;694;695;696;697;698;699;700;701;702;703;704;705;706;891;892;893;894;895;896;897;898;899;900;901;902;903;904;905;906;907;908;909;910;911;912;913;914;915;916;917;918;919;920;921;922;923;924;925;926;927;928;929;930;931;932;933;934;935;936;937;938;939;940;941;942;943;944;945;946;947;948;949;950;951;952;953;954;955;956;957;958;959;960;961;962}

bin 8
Recog old negative
.{73;74;75;76;77;78;79;80;81;82;83;84;85;86;87;88;89;90;91;92;93;94;95;96;97;98;99;100;101;102;103;104;105;106;107;108;109;110;111;112;113;114;115;116;117;118;119;120;121;122;123;124;125;126;127;128;129;130;131;132;133;134;135;136;137;138;139;140;141;142;143;144;390;391;392;393;394;395;396;397;398;399;400;401;402;403;404;405;406;407;408;409;410;411;412;413;414;415;416;417;418;419;420;421;422;423;424;425;426;427;428;429;430;431;432;433;434;435;436;437;438;439;440;441;442;443;444;445;446;447;448;449;450;451;452;453;454;455;456;457;458;459;460;461;707;708;709;710;711;712;713;714;715;716;717;718;719;720;721;722;723;724;725;726;727;728;729;730;731;732;733;734;735;736;737;738;739;740;741;742;743;744;745;746;747;748;749;750;751;752;753;754;755;756;757;758;759;760;761;762;763;764;765;766;767;768;769;770;771;772;773;774;775;776;777;778;963;964;965;966;967;968;969;970;971;972;973;974;975;976;977;978;979;980;981;982;983;984;985;986;987;988;989;990;991;992;993;994;995;996;997;998;999;1000;1001;1002;1003;1004;1005;1006;1007;1008;1009;1010;1011;1012;1013;1014;1015;1016;1017;1018;1019;1020;1021;1022;1023;1024;1025;1026;1027;1028;1029;1030;1031;1032;1033;1034}

bin 9
Recog new positive
.{145;146;147;148;149;150;151;152;153;154;155;156;157;158;159;160;161;162;462;463;464;465;466;467;468;469;470;471;472;473;474;475;476;477;478;479}

bin 10
Recog new negative
.{163;164;165;166;167;168;169;170;171;172;173;174;175;176;177;178;179;180;480;481;482;483;484;485;486;487;488;489;490;491;492;493;494;495;496;497}

bin 11
Recog old desc
.{1;2;3;4;5;6;7;8;9;10;11;12;13;14;15;16;17;18;19;20;21;22;23;24;25;26;27;28;29;30;31;32;33;34;35;36;73;74;75;76;77;78;79;80;81;82;83;84;85;86;87;88;89;90;91;92;93;94;95;96;97;98;99;100;101;102;103;104;105;106;107;108;318;319;320;321;322;323;324;325;326;327;328;329;330;331;332;333;334;335;336;337;338;339;340;341;342;343;344;345;346;347;348;349;350;351;352;353;390;391;392;393;394;395;396;397;398;399;400;401;402;403;404;405;406;407;408;409;410;411;412;413;414;415;416;417;418;419;420;421;422;423;424;425;635;636;637;638;639;640;641;642;643;644;645;646;647;648;649;650;651;652;653;654;655;656;657;658;659;660;661;662;663;664;665;666;667;668;669;670;707;708;709;710;711;712;713;714;715;716;717;718;719;720;721;722;723;724;725;726;727;728;729;730;731;732;733;734;735;736;737;738;739;740;741;742;891;892;893;894;895;896;897;898;899;900;901;902;903;904;905;906;907;908;909;910;911;912;913;914;915;916;917;918;919;920;921;922;923;924;925;926;963;964;965;966;967;968;969;970;971;972;973;974;975;976;977;978;979;980;981;982;983;984;985;986;987;988;989;990;991;992;993;994;995;996;997;998}

bin 12
Recog old positive desc
.{1;2;3;4;5;6;7;8;9;10;11;12;13;14;15;16;17;18;19;20;21;22;23;24;25;26;27;28;29;30;31;32;33;34;35;36;318;319;320;321;322;323;324;325;326;327;328;329;330;331;332;333;334;335;336;337;338;339;340;341;342;343;344;345;346;347;348;349;350;351;352;353;635;636;637;638;639;640;641;642;643;644;645;646;647;648;649;650;651;652;653;654;655;656;657;658;659;660;661;662;663;664;665;666;667;668;669;670;891;892;893;894;895;896;897;898;899;900;901;902;903;904;905;906;907;908;909;910;911;912;913;914;915;916;917;918;919;920;921;922;923;924;925;926}

bin 13
Recog old negative desc
.{73;74;75;76;77;78;79;80;81;82;83;84;85;86;87;88;89;90;91;92;93;94;95;96;97;98;99;100;101;102;103;104;105;106;107;108;390;391;392;393;394;395;396;397;398;399;400;401;402;403;404;405;406;407;408;409;410;411;412;413;414;415;416;417;418;419;420;421;422;423;424;425;707;708;709;710;711;712;713;714;715;716;717;718;719;720;721;722;723;724;725;726;727;728;729;730;731;732;733;734;735;736;737;738;739;740;741;742;963;964;965;966;967;968;969;970;971;972;973;974;975;976;977;978;979;980;981;982;983;984;985;986;987;988;989;990;991;992;993;994;995;996;997;998}

bin 14
Recog old emo
.{37;38;39;40;41;42;43;44;45;46;47;48;49;50;51;52;53;54;55;56;57;58;59;60;61;62;63;64;65;66;67;68;69;70;71;72;109;110;111;112;113;114;115;116;117;118;119;120;121;122;123;124;125;126;127;128;129;130;131;132;133;134;135;136;137;138;139;140;141;142;143;144;354;355;356;357;358;359;360;361;362;363;364;365;366;367;368;369;370;371;372;373;374;375;376;377;378;379;380;381;382;383;384;385;386;387;388;389;426;427;428;429;430;431;432;433;434;435;436;437;438;439;440;441;442;443;444;445;446;447;448;449;450;451;452;453;454;455;456;457;458;459;460;461;671;672;673;674;675;676;677;678;679;680;681;682;683;684;685;686;687;688;689;690;691;692;693;694;695;696;697;698;699;700;701;702;703;704;705;706;743;744;745;746;747;748;749;750;751;752;753;754;755;756;757;758;759;760;761;762;763;764;765;766;767;768;769;770;771;772;773;774;775;776;777;778;927;928;929;930;931;932;933;934;935;936;937;938;939;940;941;942;943;944;945;946;947;948;949;950;951;952;953;954;955;956;957;958;959;960;961;962;999;1000;1001;1002;1003;1004;1005;1006;1007;1008;1009;1010;1011;1012;1013;1014;1015;1016;1017;1018;1019;1020;1021;1022;1023;1024;1025;1026;1027;1028;1029;1030;1031;1032;1033;1034}

bin 15
Recog old positive emo
.{37;38;39;40;41;42;43;44;45;46;47;48;49;50;51;52;53;54;55;56;57;58;59;60;61;62;63;64;65;66;67;68;69;70;71;72;354;355;356;357;358;359;360;361;362;363;364;365;366;367;368;369;370;371;372;373;374;375;376;377;378;379;380;381;382;383;384;385;386;387;388;389;671;672;673;674;675;676;677;678;679;680;681;682;683;684;685;686;687;688;689;690;691;692;693;694;695;696;697;698;699;700;701;702;703;704;705;706;927;928;929;930;931;932;933;934;935;936;937;938;939;940;941;942;943;944;945;946;947;948;949;950;951;952;953;954;955;956;957;958;959;960;961;962}

bin 16
Recog old negative emo
.{109;110;111;112;113;114;115;116;117;118;119;120;121;122;123;124;125;126;127;128;129;130;131;132;133;134;135;136;137;138;139;140;141;142;143;144;426;427;428;429;430;431;432;433;434;435;436;437;438;439;440;441;442;443;444;445;446;447;448;449;450;451;452;453;454;455;456;457;458;459;460;461;743;744;745;746;747;748;749;750;751;752;753;754;755;756;757;758;759;760;761;762;763;764;765;766;767;768;769;770;771;772;773;774;775;776;777;778;999;1000;1001;1002;1003;1004;1005;1006;1007;1008;1009;1010;1011;1012;1013;1014;1015;1016;1017;1018;1019;1020;1021;1022;1023;1024;1025;1026;1027;1028;1029;1030;1031;1032;1033;1034}

bin 17
Recog positive hits
.{4;5;6;7;8;9;10;11;12;13;14;15;16;17;18;22;23;24;25;26;27;28;29;30;31;32;33;34;35;36;40;41;42;43;44;45;46;47;48;49;50;51;52;53;54;58;59;60;61;62;63;64;65;66;67;68;69;70;71;72;321;322;323;324;325;326;327;328;329;330;331;332;333;334;335;339;340;341;342;343;344;345;346;347;348;349;350;351;352;353;357;358;359;360;361;362;363;364;365;366;367;368;369;370;371;375;376;377;378;379;380;381;382;383;384;385;386;387;388;389;638;639;640;641;642;643;644;645;646;647;648;649;650;651;652;656;657;658;659;660;661;662;663;664;665;666;667;668;669;670;674;675;676;677;678;679;680;681;682;683;684;685;686;687;688;692;693;694;695;696;697;698;699;700;701;702;703;704;705;706;894;895;896;897;898;899;900;901;902;903;904;905;906;907;908;912;913;914;915;916;917;918;919;920;921;922;923;924;925;926;930;931;932;933;934;935;936;937;938;939;940;941;942;943;944;948;949;950;951;952;953;954;955;956;957;958;959;960;961;962}

bin 18
Recog negative hits
.{76;77;78;79;80;81;82;83;84;85;86;87;88;89;90;94;95;96;97;98;99;100;101;102;103;104;105;106;107;108;112;113;114;115;116;117;118;119;120;121;122;123;124;125;126;130;131;132;133;134;135;136;137;138;139;140;141;142;143;144;393;394;395;396;397;398;399;400;401;402;403;404;405;406;407;411;412;413;414;415;416;417;418;419;420;421;422;423;424;425;429;430;431;432;433;434;435;436;437;438;439;440;441;442;443;447;448;449;450;451;452;453;454;455;456;457;458;459;460;461;710;711;712;713;714;715;716;717;718;719;720;721;722;723;724;728;729;730;731;732;733;734;735;736;737;738;739;740;741;742;746;747;748;749;750;751;752;753;754;755;756;757;758;759;760;764;765;766;767;768;769;770;771;772;773;774;775;776;777;778;966;967;968;969;970;971;972;973;974;975;976;977;978;979;980;984;985;986;987;988;989;990;991;992;993;994;995;996;997;998;1002;1003;1004;1005;1006;1007;1008;1009;1010;1011;1012;1013;1014;1015;1016;1020;1021;1022;1023;1024;1025;1026;1027;1028;1029;1030;1031;1032;1033;1034}

bin 19
Recog positive correct rejection
.{145;146;147;462;463;464}

bin 20
Recog negative correct rejection
.{163;164;165;480;481;482}

bin 21
Recog positive miss
.{1;2;3;19;20;21;37;38;39;55;56;57;318;319;320;336;337;338;354;355;356;372;373;374;635;636;637;653;654;655;671;672;673;689;690;691;891;892;893;909;910;911;927;928;929;945;946;947}

bin 22
Recog negative miss
.{73;74;75;91;92;93;109;110;111;127;128;129;390;391;392;408;409;410;426;427;428;444;445;446;707;708;709;725;726;727;743;744;745;761;762;763;963;964;965;981;982;983;999;1000;1001;1017;1018;1019}

bin 23
Recog positive false alarm
.{148;149;150;151;152;153;154;155;156;157;158;159;160;161;162;465;466;467;468;469;470;471;472;473;474;475;476;477;478;479}

bin 24
Recog negative false alarm
.{166;167;168;169;170;171;172;173;174;175;176;177;178;179;180;483;484;485;486;487;488;489;490;491;492;493;494;495;496;497}

bin 25
Recog desc hits
.{4;5;6;7;8;9;10;11;12;13;14;15;16;17;18;22;23;24;25;26;27;28;29;30;31;32;33;34;35;36;76;77;78;79;80;81;82;83;84;85;86;87;88;89;90;94;95;96;97;98;99;100;101;102;103;104;105;106;107;108;321;322;323;324;325;326;327;328;329;330;331;332;333;334;335;339;340;341;342;343;344;345;346;347;348;349;350;351;352;353;393;394;395;396;397;398;399;400;401;402;403;404;405;406;407;411;412;413;414;415;416;417;418;419;420;421;422;423;424;425;638;639;640;641;642;643;644;645;646;647;648;649;650;651;652;656;657;658;659;660;661;662;663;664;665;666;667;668;669;670;710;711;712;713;714;715;716;717;718;719;720;721;722;723;724;728;729;730;731;732;733;734;735;736;737;738;739;740;741;742;894;895;896;897;898;899;900;901;902;903;904;905;906;907;908;912;913;914;915;916;917;918;919;920;921;922;923;924;925;926;966;967;968;969;970;971;972;973;974;975;976;977;978;979;980;984;985;986;987;988;989;990;991;992;993;994;995;996;997;998}

bin 26
Recog emo hits
.{40;41;42;43;44;45;46;47;48;49;50;51;52;53;54;58;59;60;61;62;63;64;65;66;67;68;69;70;71;72;112;113;114;115;116;117;118;119;120;121;122;123;124;125;126;130;131;132;133;134;135;136;137;138;139;140;141;142;143;144;357;358;359;360;361;362;363;364;365;366;367;368;369;370;371;375;376;377;378;379;380;381;382;383;384;385;386;387;388;389;429;430;431;432;433;434;435;436;437;438;439;440;441;442;443;447;448;449;450;451;452;453;454;455;456;457;458;459;460;461;674;675;676;677;678;679;680;681;682;683;684;685;686;687;688;692;693;694;695;696;697;698;699;700;701;702;703;704;705;706;746;747;748;749;750;751;752;753;754;755;756;757;758;759;760;764;765;766;767;768;769;770;771;772;773;774;775;776;777;778;930;931;932;933;934;935;936;937;938;939;940;941;942;943;944;948;949;950;951;952;953;954;955;956;957;958;959;960;961;962;1002;1003;1004;1005;1006;1007;1008;1009;1010;1011;1012;1013;1014;1015;1016;1020;1021;1022;1023;1024;1025;1026;1027;1028;1029;1030;1031;1032;1033;1034}

bin 27
Recog desc miss
.{1;2;3;19;20;21;73;74;75;91;92;93;318;319;320;336;337;338;390;391;392;408;409;410;635;636;637;653;654;655;707;708;709;725;726;727;891;892;893;909;910;911;963;964;965;981;982;983}

bin 28
Recog emo miss
.{37;38;39;55;56;57;109;110;111;127;128;129;354;355;356;372;373;374;426;427;428;444;445;446;671;672;673;689;690;691;743;744;745;761;762;763;927;928;929;945;946;947;999;1000;1001;1017;1018;1019}

bin 29
Hit high confidence
.{12;13;14;15;16;17;18;30;31;32;33;34;35;36;48;49;50;51;52;53;54;66;67;68;69;70;71;72;84;85;86;87;88;89;90;102;103;104;105;106;107;108;120;121;122;123;124;125;126;138;139;140;141;142;143;144;329;330;331;332;333;334;335;347;348;349;350;351;352;353;365;366;367;368;369;370;371;383;384;385;386;387;388;389;401;402;403;404;405;406;407;419;420;421;422;423;424;425;437;438;439;440;441;442;443;455;456;457;458;459;460;461;646;647;648;649;650;651;652;664;665;666;667;668;669;670;682;683;684;685;686;687;688;700;701;702;703;704;705;706;718;719;720;721;722;723;724;736;737;738;739;740;741;742;754;755;756;757;758;759;760;772;773;774;775;776;777;778;902;903;904;905;906;907;908;920;921;922;923;924;925;926;938;939;940;941;942;943;944;956;957;958;959;960;961;962;974;975;976;977;978;979;980;992;993;994;995;996;997;998;1010;1011;1012;1013;1014;1015;1016;1028;1029;1030;1031;1032;1033;1034}

bin 30
Miss high confidence
.{1;19;37;55;73;91;109;127;318;336;354;372;390;408;426;444;635;653;671;689;707;725;743;761;891;909;927;945;963;981;999;1017}

bin 31
Correct rejection high confidence
.{145;163;462;480}

bin 32
False alarm high confidence
.{156;157;158;159;160;161;162;174;175;176;177;178;179;180;473;474;475;476;477;478;479;491;492;493;494;495;496;497}

bin 33
Recog positive hits high confidence
.{12;13;14;15;16;17;18;30;31;32;33;34;35;36;48;49;50;51;52;53;54;66;67;68;69;70;71;72;329;330;331;332;333;334;335;347;348;349;350;351;352;353;365;366;367;368;369;370;371;383;384;385;386;387;388;389;646;647;648;649;650;651;652;664;665;666;667;668;669;670;682;683;684;685;686;687;688;700;701;702;703;704;705;706;902;903;904;905;906;907;908;920;921;922;923;924;925;926;938;939;940;941;942;943;944;956;957;958;959;960;961;962}

bin 34
Recog negative hits high confidence
.{84;85;86;87;88;89;90;102;103;104;105;106;107;108;120;121;122;123;124;125;126;138;139;140;141;142;143;144;401;402;403;404;405;406;407;419;420;421;422;423;424;425;437;438;439;440;441;442;443;455;456;457;458;459;460;461;718;719;720;721;722;723;724;736;737;738;739;740;741;742;754;755;756;757;758;759;760;772;773;774;775;776;777;778;974;975;976;977;978;979;980;992;993;994;995;996;997;998;1010;1011;1012;1013;1014;1015;1016;1028;1029;1030;1031;1032;1033;1034}

bin 35
Recog positive correct rejection high confidence
.{145;462}

bin 36
Recog negative correct rejection high confidence
.{163;480}

bin 37
Recog positive miss high confidence
.{1;19;37;55;318;336;354;372;635;653;671;689;891;909;927;945}

bin 38
Recog negative miss high confidence
.{73;91;109;127;390;408;426;444;707;725;743;761;963;981;999;1017}

bin 39
Recog positive false alarm high confidence
.{156;157;158;159;160;161;162;473;474;475;476;477;478;479}

bin 40
Recog negative false alarm high confidence
.{174;175;176;177;178;179;180;491;492;493;494;495;496;497}

bin 41
Recog desc hits high confidence
.{12;13;14;15;16;17;18;30;31;32;33;34;35;36;84;85;86;87;88;89;90;102;103;104;105;106;107;108;329;330;331;332;333;334;335;347;348;349;350;351;352;353;401;402;403;404;405;406;407;419;420;421;422;423;424;425;646;647;648;649;650;651;652;664;665;666;667;668;669;670;718;719;720;721;722;723;724;736;737;738;739;740;741;742;902;903;904;905;906;907;908;920;921;922;923;924;925;926;974;975;976;977;978;979;980;992;993;994;995;996;997;998}

bin 42
Recog emo hits high confidence
.{48;49;50;51;52;53;54;66;67;68;69;70;71;72;120;121;122;123;124;125;126;138;139;140;141;142;143;144;365;366;367;368;369;370;371;383;384;385;386;387;388;389;437;438;439;440;441;442;443;455;456;457;458;459;460;461;682;683;684;685;686;687;688;700;701;702;703;704;705;706;754;755;756;757;758;759;760;772;773;774;775;776;777;778;938;939;940;941;942;943;944;956;957;958;959;960;961;962;1010;1011;1012;1013;1014;1015;1016;1028;1029;1030;1031;1032;1033;1034}

bin 43
Recog desc miss high confidence
.{1;19;73;91;318;336;390;408;635;653;707;725;891;909;963;981}

bin 44
Recog emo miss high confidence
.{37;55;109;127;354;372;426;444;671;689;743;761;927;945;999;1017}

bin 45
Hit medium confidence
.{5;6;7;8;9;10;11;23;24;25;26;27;28;29;41;42;43;44;45;46;47;59;60;61;62;63;64;65;77;78;79;80;81;82;83;95;96;97;98;99;100;101;113;114;115;116;117;118;119;131;132;133;134;135;136;137;322;323;324;325;326;327;328;340;341;342;343;344;345;346;358;359;360;361;362;363;364;376;377;378;379;380;381;382;394;395;396;397;398;399;400;412;413;414;415;416;417;418;430;431;432;433;434;435;436;448;449;450;451;452;453;454;639;640;641;642;643;644;645;657;658;659;660;661;662;663;675;676;677;678;679;680;681;693;694;695;696;697;698;699;711;712;713;714;715;716;717;729;730;731;732;733;734;735;747;748;749;750;751;752;753;765;766;767;768;769;770;771;895;896;897;898;899;900;901;913;914;915;916;917;918;919;931;932;933;934;935;936;937;949;950;951;952;953;954;955;967;968;969;970;971;972;973;985;986;987;988;989;990;991;1003;1004;1005;1006;1007;1008;1009;1021;1022;1023;1024;1025;1026;1027}

bin 46
Miss medium confidence
.{2;20;38;56;74;92;110;128;319;337;355;373;391;409;427;445;636;654;672;690;708;726;744;762;892;910;928;946;964;982;1000;1018}

bin 47
Correct rejection medium confidence
.{146;164;463;481}

bin 48
False alarm medium confidence
.{149;150;151;152;153;154;155;167;168;169;170;171;172;173;466;467;468;469;470;471;472;484;485;486;487;488;489;490}

bin 49
Recog positive hits medium confidence
.{5;6;7;8;9;10;11;23;24;25;26;27;28;29;41;42;43;44;45;46;47;59;60;61;62;63;64;65;322;323;324;325;326;327;328;340;341;342;343;344;345;346;358;359;360;361;362;363;364;376;377;378;379;380;381;382;639;640;641;642;643;644;645;657;658;659;660;661;662;663;675;676;677;678;679;680;681;693;694;695;696;697;698;699;895;896;897;898;899;900;901;913;914;915;916;917;918;919;931;932;933;934;935;936;937;949;950;951;952;953;954;955}

bin 50
Recog negative hits medium confidence
.{77;78;79;80;81;82;83;95;96;97;98;99;100;101;113;114;115;116;117;118;119;131;132;133;134;135;136;137;394;395;396;397;398;399;400;412;413;414;415;416;417;418;430;431;432;433;434;435;436;448;449;450;451;452;453;454;711;712;713;714;715;716;717;729;730;731;732;733;734;735;747;748;749;750;751;752;753;765;766;767;768;769;770;771;967;968;969;970;971;972;973;985;986;987;988;989;990;991;1003;1004;1005;1006;1007;1008;1009;1021;1022;1023;1024;1025;1026;1027}

bin 51
Recog positive correct rejection medium confidence
.{146;463}

bin 52
Recog negative correct rejection medium confidence
.{164;481}

bin 53
Recog positive miss medium confidence
.{2;20;38;56;319;337;355;373;636;654;672;690;892;910;928;946}

bin 54
Recog negative miss medium confidence
.{74;92;110;128;391;409;427;445;708;726;744;762;964;982;1000;1018}

bin 55
Recog positive false alarm medium confidence
.{149;150;151;152;153;154;155;466;467;468;469;470;471;472}

bin 56
Recog negative false alarm medium confidence
.{167;168;169;170;171;172;173;484;485;486;487;488;489;490}

bin 57
Recog desc hits medium confidence
.{5;6;7;8;9;10;11;23;24;25;26;27;28;29;77;78;79;80;81;82;83;95;96;97;98;99;100;101;322;323;324;325;326;327;328;340;341;342;343;344;345;346;394;395;396;397;398;399;400;412;413;414;415;416;417;418;639;640;641;642;643;644;645;657;658;659;660;661;662;663;711;712;713;714;715;716;717;729;730;731;732;733;734;735;895;896;897;898;899;900;901;913;914;915;916;917;918;919;967;968;969;970;971;972;973;985;986;987;988;989;990;991}

bin 58
Recog emo hits medium confidence
.{41;42;43;44;45;46;47;59;60;61;62;63;64;65;113;114;115;116;117;118;119;131;132;133;134;135;136;137;358;359;360;361;362;363;364;376;377;378;379;380;381;382;430;431;432;433;434;435;436;448;449;450;451;452;453;454;675;676;677;678;679;680;681;693;694;695;696;697;698;699;747;748;749;750;751;752;753;765;766;767;768;769;770;771;931;932;933;934;935;936;937;949;950;951;952;953;954;955;1003;1004;1005;1006;1007;1008;1009;1021;1022;1023;1024;1025;1026;1027}

bin 59
Recog desc misses medium confidence
.{2;20;74;92;319;337;391;409;636;654;708;726;892;910;964;982}

bin 60
Recog emo hits medium confidence
.{38;56;110;128;355;373;427;445;672;690;744;762;928;946;1000;1018}

bin 61
Hit low confidence
.{4;22;40;58;76;94;112;130;321;339;357;375;393;411;429;447;638;656;674;692;710;728;746;764;894;912;930;948;966;984;1002;1020}

bin 62
Miss low confidence
.{3;21;39;57;75;93;111;129;320;338;356;374;392;410;428;446;637;655;673;691;709;727;745;763;893;911;929;947;965;983;1001;1019}

bin 63
Correct rejection low confidence
.{147;165;464;482}

bin 64
False alarm low confidence
.{148;166;465;483}

bin 65
Recog positive hits low confidence
.{4;22;40;58;321;339;357;375;638;656;674;692;894;912;930;948}

bin 66
Recog negative hits low confidence
.{76;94;112;130;393;411;429;447;710;728;746;764;966;984;1002;1020}

bin 67
Recog positive correct rejection low confidence
.{147;464}

bin 68
Recog negative correct rejection low confidence
.{165;482}

bin 69
Recog positive miss low confidence
.{4;22;40;58;321;339;357;375;638;656;674;692;894;912;930;948}

bin 70
Recog negative miss low confidence
.{75;93;111;129;392;410;428;446;709;727;745;763;965;983;1001;1019}

bin 71
Recog positive false alarm low confidence
.{148;465}

bin 72
Recog negative false alarm low confidence
.{166;483}

bin 73
Recog desc hits low confidence
.{4;22;76;94;321;339;393;411;638;656;710;728;894;912;966;984}

bin 74
Recog emo hits low confidence
.{40;58;112;130;357;375;429;447;674;692;746;764;930;948;1002;1020}

bin 75
Recog desc miss low confidence
.{3;21;75;93;320;338;392;410;637;655;709;727;893;911;965;983}

bin 76
Recog emo miss low confidence
.{39;57;111;129;356;374;428;446;673;691;745;763;929;947;1001;1019}

bin 77
Recog hit source correct
.{8;9;10;15;16;17;26;27;28;33;34;35;41;42;43;48;49;50;59;60;61;66;67;68;80;81;82;87;88;89;98;99;100;105;106;107;113;114;115;120;121;122;131;132;133;138;139;140;325;326;327;332;333;334;343;344;345;350;351;352;358;359;360;365;366;367;376;377;378;383;384;385;397;398;399;404;405;406;415;416;417;422;423;424;430;431;432;437;438;439;448;449;450;455;456;457;642;643;644;649;650;651;660;661;662;667;668;669;675;676;677;682;683;684;693;694;695;700;701;702;714;715;716;721;722;723;732;733;734;739;740;741;747;748;749;754;755;756;765;766;767;772;773;774;898;899;900;905;906;907;916;917;918;923;924;925;931;932;933;938;939;940;949;950;951;956;957;958;970;971;972;977;978;979;988;989;990;995;996;997;1003;1004;1005;1010;1011;1012;1021;1022;1023;1028;1029;1030}

bin 78
Recog hit source incorrect
.{5;6;7;12;13;14;23;24;25;30;31;32;44;45;46;51;52;53;62;63;64;69;70;71;77;78;79;84;85;86;95;96;97;102;103;104;116;117;118;123;124;125;134;135;136;141;142;143;322;323;324;329;330;331;340;341;342;347;348;349;361;362;363;368;369;370;379;380;381;386;387;388;394;395;396;401;402;403;412;413;414;419;420;421;433;434;435;440;441;442;451;452;453;458;459;460;639;640;641;646;647;648;657;658;659;664;665;666;678;679;680;685;686;687;696;697;698;703;704;705;711;712;713;718;719;720;729;730;731;736;737;738;750;751;752;757;758;759;768;769;770;775;776;777;895;896;897;902;903;904;913;914;915;920;921;922;934;935;936;941;942;943;952;953;954;959;960;961;967;968;969;974;975;976;985;986;987;992;993;994;1006;1007;1008;1013;1014;1015;1024;1025;1026;1031;1032;1033}

bin 79
Recog positive hits source correct
.{8;9;10;15;16;17;26;27;28;33;34;35;41;42;43;48;49;50;59;60;61;66;67;68;325;326;327;332;333;334;343;344;345;350;351;352;358;359;360;365;366;367;376;377;378;383;384;385;642;643;644;649;650;651;660;661;662;667;668;669;675;676;677;682;683;684;693;694;695;700;701;702;898;899;900;905;906;907;916;917;918;923;924;925;931;932;933;938;939;940;949;950;951;956;957;958}

bin 80
Recog positive hits source incorrect
.{5;6;7;12;13;14;23;24;25;30;31;32;44;45;46;51;52;53;62;63;64;69;70;71;322;323;324;329;330;331;340;341;342;347;348;349;361;362;363;368;369;370;379;380;381;386;387;388;639;640;641;646;647;648;657;658;659;664;665;666;678;679;680;685;686;687;696;697;698;703;704;705;895;896;897;902;903;904;913;914;915;920;921;922;934;935;936;941;942;943;952;953;954;959;960;961}

bin 81
Recog negative hits source correct
.{80;81;82;87;88;89;98;99;100;105;106;107;113;114;115;120;121;122;131;132;133;138;139;140;397;398;399;404;405;406;415;416;417;422;423;424;430;431;432;437;438;439;448;449;450;455;456;457;714;715;716;721;722;723;732;733;734;739;740;741;747;748;749;754;755;756;765;766;767;772;773;774;970;971;972;977;978;979;988;989;990;995;996;997;1003;1004;1005;1010;1011;1012;1021;1022;1023;1028;1029;1030}

bin 82
Recog negative hits source incorrect
.{77;78;79;84;85;86;95;96;97;102;103;104;116;117;118;123;124;125;134;135;136;141;142;143;394;395;396;401;402;403;412;413;414;419;420;421;433;434;435;440;441;442;451;452;453;458;459;460;711;712;713;718;719;720;729;730;731;736;737;738;750;751;752;757;758;759;768;769;770;775;776;777;967;968;969;974;975;976;985;986;987;992;993;994;1006;1007;1008;1013;1014;1015;1024;1025;1026;1031;1032;1033}

bin 83
Recog desc hits source correct
.{8;9;10;15;16;17;26;27;28;33;34;35;80;81;82;87;88;89;98;99;100;105;106;107;325;326;327;332;333;334;343;344;345;350;351;352;397;398;399;404;405;406;415;416;417;422;423;424;642;643;644;649;650;651;660;661;662;667;668;669;714;715;716;721;722;723;732;733;734;739;740;741;898;899;900;905;906;907;916;917;918;923;924;925;970;971;972;977;978;979;988;989;990;995;996;997}

bin 84
Recog emo hits source correct
.{41;42;43;48;49;50;59;60;61;66;67;68;113;114;115;120;121;122;131;132;133;138;139;140;358;359;360;365;366;367;376;377;378;383;384;385;430;431;432;437;438;439;448;449;450;455;456;457;675;676;677;682;683;684;693;694;695;700;701;702;747;748;749;754;755;756;765;766;767;772;773;774;931;932;933;938;939;940;949;950;951;956;957;958;1003;1004;1005;1010;1011;1012;1021;1022;1023;1028;1029;1030}

bin 85
Source hit
.{181;182;183;184;185;186;187;188;189;190;191;192;193;194;195;196;197;198;199;200;201;202;203;204;205;206;207;208;209;210;211;212;213;214;215;216;217;218;219;220;221;222;223;224;225;226;227;228;229;230;231;232;233;234;235;236;237;238;239;240;241;242;243;244;245;246;247;248;249;250;251;252;253;254;255;256;257;258;259;260;261;262;263;264;265;266;267;268;269;270;271;272;273;274;275;276;277;278;279;280;281;282;283;284;285;286;287;288;289;290;291;292;498;499;500;501;502;503;504;505;506;507;508;509;510;511;512;513;514;515;516;517;518;519;520;521;522;523;524;525;526;527;528;529;530;531;532;533;534;535;536;537;538;539;540;541;542;543;544;545;546;547;548;549;550;551;552;553;554;555;556;557;558;559;560;561;562;563;564;565;566;567;568;569;570;571;572;573;574;575;576;577;578;579;580;581;582;583;584;585;586;587;588;589;590;591;592;593;594;595;596;597;598;599;600;601;602;603;604;605;606;607;608;609;779;780;781;782;783;784;785;786;787;788;789;790;791;792;793;794;795;796;797;798;799;800;801;802;803;804;805;806;807;808;809;810;811;812;813;814;815;816;817;818;819;820;821;822;823;824;825;826;827;828;829;830;831;832;833;834;835;836;837;838;839;840;841;842;843;844;845;846;847;848;849;850;851;852;853;854;855;856;857;858;859;860;861;862;863;864;865;866;867;868;869;870;871;872;873;874;875;876;877;878;879;880;881;882;883;884;885;886;887;888;889;890;1035;1036;1037;1038;1039;1040;1041;1042;1043;1044;1045;1046;1047;1048;1049;1050;1051;1052;1053;1054;1055;1056;1057;1058;1059;1060;1061;1062;1063;1064;1065;1066;1067;1068;1069;1070;1071;1072;1073;1074;1075;1076;1077;1078;1079;1080;1081;1082;1083;1084;1085;1086;1087;1088;1089;1090;1091;1092;1093;1094;1095;1096;1097;1098;1099;1100;1101;1102;1103;1104;1105;1106;1107;1108;1109;1110;1111;1112;1113;1114;1115;1116;1117;1118;1119;1120;1121;1122;1123;1124;1125;1126;1127;1128;1129;1130;1131;1132;1133;1134;1135;1136;1137;1138;1139;1140;1141;1142;1143;1144;1145;1146}

bin 86
Source false alarm
.{293;294;295;296;297;298;299;300;301;302;303;304;305;306;307;308;309;310;311;312;313;314;315;316;317;610;611;612;613;614;615;616;617;618;619;620;621;622;623;624;625;626;627;628;629;630;631;632;633;634}

bin 87
Source positive hit
.{181;182;183;184;185;186;187;188;189;190;191;192;193;194;195;196;197;198;199;200;201;202;203;204;205;206;207;208;209;210;211;212;213;214;215;216;217;218;219;220;221;222;223;224;225;226;227;228;229;230;231;232;233;234;235;236;498;499;500;501;502;503;504;505;506;507;508;509;510;511;512;513;514;515;516;517;518;519;520;521;522;523;524;525;526;527;528;529;530;531;532;533;534;535;536;537;538;539;540;541;542;543;544;545;546;547;548;549;550;551;552;553;779;780;781;782;783;784;785;786;787;788;789;790;791;792;793;794;795;796;797;798;799;800;801;802;803;804;805;806;807;808;809;810;811;812;813;814;815;816;817;818;819;820;821;822;823;824;825;826;827;828;829;830;831;832;833;834;1035;1036;1037;1038;1039;1040;1041;1042;1043;1044;1045;1046;1047;1048;1049;1050;1051;1052;1053;1054;1055;1056;1057;1058;1059;1060;1061;1062;1063;1064;1065;1066;1067;1068;1069;1070;1071;1072;1073;1074;1075;1076;1077;1078;1079;1080;1081;1082;1083;1084;1085;1086;1087;1088;1089;1090}

bin 88
Source negative hit
.{237;238;239;240;241;242;243;244;245;246;247;248;249;250;251;252;253;254;255;256;257;258;259;260;261;262;263;264;265;266;267;268;269;270;271;272;273;274;275;276;277;278;279;280;281;282;283;284;285;286;287;288;289;290;291;292;554;555;556;557;558;559;560;561;562;563;564;565;566;567;568;569;570;571;572;573;574;575;576;577;578;579;580;581;582;583;584;585;586;587;588;589;590;591;592;593;594;595;596;597;598;599;600;601;602;603;604;605;606;607;608;609;835;836;837;838;839;840;841;842;843;844;845;846;847;848;849;850;851;852;853;854;855;856;857;858;859;860;861;862;863;864;865;866;867;868;869;870;871;872;873;874;875;876;877;878;879;880;881;882;883;884;885;886;887;888;889;890;1091;1092;1093;1094;1095;1096;1097;1098;1099;1100;1101;1102;1103;1104;1105;1106;1107;1108;1109;1110;1111;1112;1113;1114;1115;1116;1117;1118;1119;1120;1121;1122;1123;1124;1125;1126;1127;1128;1129;1130;1131;1132;1133;1134;1135;1136;1137;1138;1139;1140;1141;1142;1143;1144;1145;1146}

bin 89
Source positive false alarm
.{293;294;295;296;297;298;299;300;301;302;303;304;305;610;611;612;613;614;615;616;617;618;619;620;621;622}

bin 90
Source negative false alarm
.{306;307;308;309;310;311;312;313;314;315;316;317;623;624;625;626;627;628;629;630;631;632;633;634}

bin 91
Source hit source correct
.{184;185;186;191;192;193;198;199;200;205;206;207;209;210;211;216;217;218;223;224;225;230;231;232;240;241;242;247;248;249;254;255;256;261;262;263;265;266;267;272;273;274;279;280;281;286;287;288;501;502;503;508;509;510;515;516;517;522;523;524;526;527;528;533;534;535;540;541;542;547;548;549;557;558;559;564;565;566;571;572;573;578;579;580;582;583;584;589;590;591;596;597;598;603;604;605;782;783;784;789;790;791;796;797;798;803;804;805;807;808;809;814;815;816;821;822;823;828;829;830;838;839;840;845;846;847;852;853;854;859;860;861;863;864;865;870;871;872;877;878;879;884;885;886;1038;1039;1040;1045;1046;1047;1052;1053;1054;1059;1060;1061;1063;1064;1065;1070;1071;1072;1077;1078;1079;1084;1085;1086;1094;1095;1096;1101;1102;1103;1108;1109;1110;1115;1116;1117;1119;1120;1121;1126;1127;1128;1133;1134;1135;1140;1141;1142}

bin 92
Source positive hit source correct
.{184;185;186;191;192;193;198;199;200;205;206;207;209;210;211;216;217;218;223;224;225;230;231;232;501;502;503;508;509;510;515;516;517;522;523;524;526;527;528;533;534;535;540;541;542;547;548;549;782;783;784;789;790;791;796;797;798;803;804;805;807;808;809;814;815;816;821;822;823;828;829;830;1038;1039;1040;1045;1046;1047;1052;1053;1054;1059;1060;1061;1063;1064;1065;1070;1071;1072;1077;1078;1079;1084;1085;1086}

bin 93
Source negative hit source correct
.{240;241;242;247;248;249;254;255;256;261;262;263;265;266;267;272;273;274;279;280;281;286;287;288;557;558;559;564;565;566;571;572;573;578;579;580;582;583;584;589;590;591;596;597;598;603;604;605;838;839;840;845;846;847;852;853;854;859;860;861;863;864;865;870;871;872;877;878;879;884;885;886;1094;1095;1096;1101;1102;1103;1108;1109;1110;1115;1116;1117;1119;1120;1121;1126;1127;1128;1133;1134;1135;1140;1141;1142}

bin 94
Source hit source incorrect
.{181;182;183;188;189;190;195;196;197;202;203;204;212;213;214;219;220;221;226;227;228;233;234;235;237;238;239;244;245;246;251;252;253;258;259;260;268;269;270;275;276;277;282;283;284;289;290;291;498;499;500;505;506;507;512;513;514;519;520;521;529;530;531;536;537;538;543;544;545;550;551;552;554;555;556;561;562;563;568;569;570;575;576;577;585;586;587;592;593;594;599;600;601;606;607;608;779;780;781;786;787;788;793;794;795;800;801;802;810;811;812;817;818;819;824;825;826;831;832;833;835;836;837;842;843;844;849;850;851;856;857;858;866;867;868;873;874;875;880;881;882;887;888;889;1035;1036;1037;1042;1043;1044;1049;1050;1051;1056;1057;1058;1066;1067;1068;1073;1074;1075;1080;1081;1082;1087;1088;1089;1091;1092;1093;1098;1099;1100;1105;1106;1107;1112;1113;1114;1122;1123;1124;1129;1130;1131;1136;1137;1138;1143;1144;1145}

bin 95
Source positive hit source incorrect
.{181;182;183;188;189;190;195;196;197;202;203;204;212;213;214;219;220;221;226;227;228;233;234;235;498;499;500;505;506;507;512;513;514;519;520;521;529;530;531;536;537;538;543;544;545;550;551;552;779;780;781;786;787;788;793;794;795;800;801;802;810;811;812;817;818;819;824;825;826;831;832;833;1035;1036;1037;1042;1043;1044;1049;1050;1051;1056;1057;1058;1066;1067;1068;1073;1074;1075;1080;1081;1082;1087;1088;1089}

bin 96
Source negative hit source incorrect
.{237;238;239;244;245;246;251;252;253;258;259;260;268;269;270;275;276;277;282;283;284;289;290;291;554;555;556;561;562;563;568;569;570;575;576;577;585;586;587;592;593;594;599;600;601;606;607;608;835;836;837;842;843;844;849;850;851;856;857;858;866;867;868;873;874;875;880;881;882;887;888;889;1091;1092;1093;1098;1099;1100;1105;1106;1107;1112;1113;1114;1122;1123;1124;1129;1130;1131;1136;1137;1138;1143;1144;1145}

bin 97
Source hit source correct high source confidence
.{186;193;200;207;209;216;223;230;242;249;256;263;265;272;279;286;503;510;517;524;526;533;540;547;559;566;573;580;582;589;596;603;784;791;798;805;807;814;821;828;840;847;854;861;863;870;877;884;1040;1047;1054;1061;1063;1070;1077;1084;1096;1103;1110;1117;1119;1126;1133;1140}

bin 98
Source positive hit source correct high source confidence
.{186;193;200;207;209;216;223;230;503;510;517;524;526;533;540;547;784;791;798;805;807;814;821;828;1040;1047;1054;1061;1063;1070;1077;1084}

bin 99
Source negative hit source correct high source confidence
.{242;249;256;263;265;272;279;286;559;566;573;580;582;589;596;603;840;847;854;861;863;870;877;884;1096;1103;1110;1117;1119;1126;1133;1140}

bin 100
Source hit source incorrect high source confidence
.{181;188;195;202;214;221;228;235;237;244;251;258;270;277;284;291;498;505;512;519;531;538;545;552;554;561;568;575;587;594;601;608;779;786;793;800;812;819;826;833;835;842;849;856;868;875;882;889;1035;1042;1049;1056;1068;1075;1082;1089;1091;1098;1105;1112;1124;1131;1138;1145}

bin 101
Source positive hit source incorrect high source confidence
.{181;188;195;202;214;221;228;235;498;505;512;519;531;538;545;552;779;786;793;800;812;819;826;833;1035;1042;1049;1056;1068;1075;1082;1089}

bin 102
Source negative hit source incorrect high source confidence
.{237;244;251;258;270;277;284;291;554;561;568;575;587;594;601;608;835;842;849;856;868;875;882;889;1091;1098;1105;1112;1124;1131;1138;1145}

bin 103
Source hit source correct medium source confidence
.{185;192;199;206;210;217;224;231;241;248;255;262;266;273;280;287;502;509;516;523;527;534;541;548;558;565;572;579;583;590;597;604;783;790;797;804;808;815;822;829;839;846;853;860;864;871;878;885;1039;1046;1053;1060;1064;1071;1078;1085;1095;1102;1109;1116;1120;1127;1134;1141}

bin 104
Source positive hit source correct medium source confidence
.{185;192;199;206;210;217;224;231;502;509;516;523;527;534;541;548;783;790;797;804;808;815;822;829;1039;1046;1053;1060;1064;1071;1078;1085}

bin 105
Source negative hit source correct medium source confidence
.{241;248;255;262;266;273;280;287;558;565;572;579;583;590;597;604;839;846;853;860;864;871;878;885;1095;1102;1109;1116;1120;1127;1134;1141}

bin 106
Source hit source incorrect medium source confidence
.{182;189;196;203;213;220;227;234;238;245;252;259;269;276;283;290;499;506;513;520;530;537;544;551;555;562;569;576;586;593;600;607;780;787;794;801;811;818;825;832;836;843;850;857;867;874;881;888;1036;1043;1050;1057;1067;1074;1081;1088;1092;1099;1106;1113;1123;1130;1137;1144}

bin 107
Source positive hit source incorrect medium source confidence
.{182;189;196;203;213;220;227;234;499;506;513;520;530;537;544;551;780;787;794;801;811;818;825;832;1036;1043;1050;1057;1067;1074;1081;1088}

bin 108
Source negative hit source incorrect medium source confidence
.{238;245;252;259;269;276;283;290;555;562;569;576;586;593;600;607;836;843;850;857;867;874;881;888;1092;1099;1106;1113;1123;1130;1137;1144}

bin 109
Source hit source correct low confidence
.{184;191;198;205;211;218;225;232;240;247;254;261;267;274;281;288;501;508;515;522;528;535;542;549;557;564;571;578;584;591;598;605;782;789;796;803;809;816;823;830;838;845;852;859;865;872;879;886;1038;1045;1052;1059;1065;1072;1079;1086;1094;1101;1108;1115;1121;1128;1135;1142}

bin 110
Source positive hit source correct low confidence
.{184;191;198;205;211;218;225;232;501;508;515;522;528;535;542;549;782;789;796;803;809;816;823;830;1038;1045;1052;1059;1065;1072;1079;1086}

bin 111
Source negative hit source correct low confidence
.{240;247;254;261;267;274;281;288;557;564;571;578;584;591;598;605;838;845;852;859;865;872;879;886;1094;1101;1108;1115;1121;1128;1135;1142}

bin 112
Source hit source incorrect low confidence
.{183;190;197;204;212;219;226;233;239;246;253;260;268;275;282;289;500;507;514;521;529;536;543;550;556;563;570;577;585;592;599;606;781;788;795;802;810;817;824;831;837;844;851;858;866;873;880;887;1037;1044;1051;1058;1066;1073;1080;1087;1093;1100;1107;1114;1122;1129;1136;1143}

bin 113
Source positive hit source incorrect low confidence
.{183;190;197;204;212;219;226;233;500;507;514;521;529;536;543;550;781;788;795;802;810;817;824;831;1037;1044;1051;1058;1066;1073;1080;1087}

bin 114
Source negative hit source incorrect low confidence
.{239;246;253;260;268;275;282;289;556;563;570;577;585;592;599;606;837;844;851;858;866;873;880;887;1093;1100;1107;1114;1122;1129;1136;1143}

bin 115
Hits pre-stress
.{4;5;6;7;8;9;10;11;12;13;14;15;16;17;18;22;23;24;25;26;27;28;29;30;31;32;33;34;35;36;40;41;42;43;44;45;46;47;48;49;50;51;52;53;54;58;59;60;61;62;63;64;65;66;67;68;69;70;71;72;76;77;78;79;80;81;82;83;84;85;86;87;88;89;90;94;95;96;97;98;99;100;101;102;103;104;105;106;107;108;112;113;114;115;116;117;118;119;120;121;122;123;124;125;126;130;131;132;133;134;135;136;137;138;139;140;141;142;143;144;638;639;640;641;642;643;644;645;646;647;648;649;650;651;652;656;657;658;659;660;661;662;663;664;665;666;667;668;669;670;674;675;676;677;678;679;680;681;682;683;684;685;686;687;688;692;693;694;695;696;697;698;699;700;701;702;703;704;705;706;710;711;712;713;714;715;716;717;718;719;720;721;722;723;724;728;729;730;731;732;733;734;735;736;737;738;739;740;741;742;746;747;748;749;750;751;752;753;754;755;756;757;758;759;760;764;765;766;767;768;769;770;771;772;773;774;775;776;777;778}

bin 116
Miss pre-stress
.{1;2;3;19;20;21;37;38;39;55;56;57;73;74;75;91;92;93;109;110;111;127;128;129;635;636;637;653;654;655;671;672;673;689;690;691;707;708;709;725;726;727;743;744;745;761;762;763}

bin 117
Correct rejection pre-stress
.{145;146;147;163;164;165}

bin 118
False alarm pre-stress
.{148;149;150;151;152;153;154;155;156;157;158;159;160;161;162;166;167;168;169;170;171;172;173;174;175;176;177;178;179;180}

bin 119
Recog positive hits pre-stress
.{4;5;6;7;8;9;10;11;12;13;14;15;16;17;18;22;23;24;25;26;27;28;29;30;31;32;33;34;35;36;40;41;42;43;44;45;46;47;48;49;50;51;52;53;54;58;59;60;61;62;63;64;65;66;67;68;69;70;71;72;638;639;640;641;642;643;644;645;646;647;648;649;650;651;652;656;657;658;659;660;661;662;663;664;665;666;667;668;669;670;674;675;676;677;678;679;680;681;682;683;684;685;686;687;688;692;693;694;695;696;697;698;699;700;701;702;703;704;705;706}

bin 120
Recog negative hits pre-stress
.{76;77;78;79;80;81;82;83;84;85;86;87;88;89;90;94;95;96;97;98;99;100;101;102;103;104;105;106;107;108;112;113;114;115;116;117;118;119;120;121;122;123;124;125;126;130;131;132;133;134;135;136;137;138;139;140;141;142;143;144;710;711;712;713;714;715;716;717;718;719;720;721;722;723;724;728;729;730;731;732;733;734;735;736;737;738;739;740;741;742;746;747;748;749;750;751;752;753;754;755;756;757;758;759;760;764;765;766;767;768;769;770;771;772;773;774;775;776;777;778}

bin 121
Recog positive correct rejection pre-stress
.{145;146;147}

bin 122
Recog negative correct rejection pre-stress
.{163;164;165}

bin 123
Recog positive miss pre-stress
.{1;2;3;19;20;21;37;38;39;55;56;57;635;636;637;653;654;655;671;672;673;689;690;691}

bin 124
Recog negative miss pre-stress
.{73;74;75;91;92;93;109;110;111;127;128;129;707;708;709;725;726;727;743;744;745;761;762;763}

bin 125
Recog positive false alarm pre-stress
.{148;149;150;151;152;153;154;155;156;157;158;159;160;161;162}

bin 126
Recog negative false alarm pre-stress
.{166;167;168;169;170;171;172;173;174;175;176;177;178;179;180}

bin 127
Recog desc hits pre-stress
.{4;5;6;7;8;9;10;11;12;13;14;15;16;17;18;22;23;24;25;26;27;28;29;30;31;32;33;34;35;36;76;77;78;79;80;81;82;83;84;85;86;87;88;89;90;94;95;96;97;98;99;100;101;102;103;104;105;106;107;108;638;639;640;641;642;643;644;645;646;647;648;649;650;651;652;656;657;658;659;660;661;662;663;664;665;666;667;668;669;670;710;711;712;713;714;715;716;717;718;719;720;721;722;723;724;728;729;730;731;732;733;734;735;736;737;738;739;740;741;742}

bin 128
Recog emo hits pre-stress
.{40;41;42;43;44;45;46;47;48;49;50;51;52;53;54;58;59;60;61;62;63;64;65;66;67;68;69;70;71;72;112;113;114;115;116;117;118;119;120;121;122;123;124;125;126;130;131;132;133;134;135;136;137;138;139;140;141;142;143;144;674;675;676;677;678;679;680;681;682;683;684;685;686;687;688;692;693;694;695;696;697;698;699;700;701;702;703;704;705;706;746;747;748;749;750;751;752;753;754;755;756;757;758;759;760;764;765;766;767;768;769;770;771;772;773;774;775;776;777;778}

bin 129
Recog desc miss pre-stress
.{1;2;3;19;20;21;73;74;75;91;92;93;635;636;637;653;654;655;707;708;709;725;726;727}

bin 130
Recog emo miss pre-stress
.{37;38;39;55;56;57;109;110;111;127;128;129;671;672;673;689;690;691;743;744;745;761;762;763}

bin 131
Hit high confidence pre-stress
.{12;13;14;15;16;17;18;30;31;32;33;34;35;36;48;49;50;51;52;53;54;66;67;68;69;70;71;72;84;85;86;87;88;89;90;102;103;104;105;106;107;108;120;121;122;123;124;125;126;138;139;140;141;142;143;144;646;647;648;649;650;651;652;664;665;666;667;668;669;670;682;683;684;685;686;687;688;700;701;702;703;704;705;706;718;719;720;721;722;723;724;736;737;738;739;740;741;742;754;755;756;757;758;759;760;772;773;774;775;776;777;778}

bin 132
Miss high confidence pre-stress
.{1;19;37;55;73;91;109;127;635;653;671;689;707;725;743;761}

bin 133
Correct rejection high confidence pre-stress
.{145;163}

bin 134
False alarm high confidence pre-stress
.{156;157;158;159;160;161;162;174;175;176;177;178;179;180}

bin 135
Hit medium confidence pre-stress
.{5;6;7;8;9;10;11;23;24;25;26;27;28;29;41;42;43;44;45;46;47;59;60;61;62;63;64;65;77;78;79;80;81;82;83;95;96;97;98;99;100;101;113;114;115;116;117;118;119;131;132;133;134;135;136;137;639;640;641;642;643;644;645;657;658;659;660;661;662;663;675;676;677;678;679;680;681;693;694;695;696;697;698;699;711;712;713;714;715;716;717;729;730;731;732;733;734;735;747;748;749;750;751;752;753;765;766;767;768;769;770;771}

bin 136
Miss medium confidence pre-stress
.{2;20;38;56;74;92;110;128;636;654;672;690;708;726;744;762}

bin 137
Correct rejection medium confidence pre-stress
.{146;164}

bin 138
False alarm medium confidence pre-stress
.{149;150;151;152;153;154;155;167;168;169;170;171;172;173}

bin 139
Hit low confidence pre-stress
.{4;22;40;58;76;94;112;130;638;656;674;692;710;728;746;764}

bin 140
Miss low confidence pre-stress
.{3;21;39;57;75;93;111;129;637;655;673;691;709;727;745;763}

bin 141
Correct rejection low confidence pre-stress
.{147;165}

bin 142
False alarm low confidence pre-stress
.{148;166}

bin 143
recog hit source correct pre-stress
.{8;9;10;15;16;17;26;27;28;33;34;35;41;42;43;48;49;50;59;60;61;66;67;68;80;81;82;87;88;89;98;99;100;105;106;107;113;114;115;120;121;122;131;132;133;138;139;140;642;643;644;649;650;651;660;661;662;667;668;669;675;676;677;682;683;684;693;694;695;700;701;702;714;715;716;721;722;723;732;733;734;739;740;741;747;748;749;754;755;756;765;766;767;772;773;774}

bin 144
recog hit source incorrect pre-stress
.{5;6;7;12;13;14;23;24;25;30;31;32;44;45;46;51;52;53;62;63;64;69;70;71;77;78;79;84;85;86;95;96;97;102;103;104;116;117;118;123;124;125;134;135;136;141;142;143;639;640;641;646;647;648;657;658;659;664;665;666;678;679;680;685;686;687;696;697;698;703;704;705;711;712;713;718;719;720;729;730;731;736;737;738;750;751;752;757;758;759;768;769;770;775;776;777}

bin 145
Source hit pre-stress
.{181;182;183;184;185;186;187;188;189;190;191;192;193;194;195;196;197;198;199;200;201;202;203;204;205;206;207;208;209;210;211;212;213;214;215;216;217;218;219;220;221;222;223;224;225;226;227;228;229;230;231;232;233;234;235;236;237;238;239;240;241;242;243;244;245;246;247;248;249;250;251;252;253;254;255;256;257;258;259;260;261;262;263;264;265;266;267;268;269;270;271;272;273;274;275;276;277;278;279;280;281;282;283;284;285;286;287;288;289;290;291;292;779;780;781;782;783;784;785;786;787;788;789;790;791;792;793;794;795;796;797;798;799;800;801;802;803;804;805;806;807;808;809;810;811;812;813;814;815;816;817;818;819;820;821;822;823;824;825;826;827;828;829;830;831;832;833;834;835;836;837;838;839;840;841;842;843;844;845;846;847;848;849;850;851;852;853;854;855;856;857;858;859;860;861;862;863;864;865;866;867;868;869;870;871;872;873;874;875;876;877;878;879;880;881;882;883;884;885;886;887;888;889;890}

bin 146
Source false alarm pre-stress
.{293;294;295;296;297;298;299;300;301;302;303;304;305;306;307;308;309;310;311;312;313;314;315;316;317}

bin 147
Source positive hit pre-stress
.{181;182;183;184;185;186;187;188;189;190;191;192;193;194;195;196;197;198;199;200;201;202;203;204;205;206;207;208;209;210;211;212;213;214;215;216;217;218;219;220;221;222;223;224;225;226;227;228;229;230;231;232;233;234;235;236;779;780;781;782;783;784;785;786;787;788;789;790;791;792;793;794;795;796;797;798;799;800;801;802;803;804;805;806;807;808;809;810;811;812;813;814;815;816;817;818;819;820;821;822;823;824;825;826;827;828;829;830;831;832;833;834}

bin 148
Source negative hit pre-stress
.{237;238;239;240;241;242;243;244;245;246;247;248;249;250;251;252;253;254;255;256;257;258;259;260;261;262;263;264;265;266;267;268;269;270;271;272;273;274;275;276;277;278;279;280;281;282;283;284;285;286;287;288;289;290;291;292;835;836;837;838;839;840;841;842;843;844;845;846;847;848;849;850;851;852;853;854;855;856;857;858;859;860;861;862;863;864;865;866;867;868;869;870;871;872;873;874;875;876;877;878;879;880;881;882;883;884;885;886;887;888;889;890}

bin 149
Source positive false alarm pre-stress
.{293;294;295;296;297;298;299;300;301;302;303;304;305}

bin 150
Source negative false alarm pre-stress
.{306;307;308;309;310;311;312;313;314;315;316;317}

bin 151
Source hit source correct pre-stress
.{184;185;186;191;192;193;198;199;200;205;206;207;209;210;211;216;217;218;223;224;225;230;231;232;240;241;242;247;248;249;254;255;256;261;262;263;265;266;267;272;273;274;279;280;281;286;287;288;782;783;784;789;790;791;796;797;798;803;804;805;807;808;809;814;815;816;821;822;823;828;829;830;838;839;840;845;846;847;852;853;854;859;860;861;863;864;865;870;871;872;877;878;879;884;885;886}

bin 152
Source false alarm source correct pre-stress
.{184;185;186;191;192;193;198;199;200;205;206;207;209;210;211;216;217;218;223;224;225;230;231;232;782;783;784;789;790;791;796;797;798;803;804;805;807;808;809;814;815;816;821;822;823;828;829;830}

bin 153
Source positive hit source correct pre-stress
.{240;241;242;247;248;249;254;255;256;261;262;263;265;266;267;272;273;274;279;280;281;286;287;288;838;839;840;845;846;847;852;853;854;859;860;861;863;864;865;870;871;872;877;878;879;884;885;886}

bin 154
Source hit source incorrect pre-stress
.{181;182;183;188;189;190;195;196;197;202;203;204;212;213;214;219;220;221;226;227;228;233;234;235;237;238;239;244;245;246;251;252;253;258;259;260;268;269;270;275;276;277;282;283;284;289;290;291;779;780;781;786;787;788;793;794;795;800;801;802;810;811;812;817;818;819;824;825;826;831;832;833;835;836;837;842;843;844;849;850;851;856;857;858;866;867;868;873;874;875;880;881;882;887;888;889}

bin 155
Source positive hit source incorrect pre-stress
.{181;182;183;188;189;190;195;196;197;202;203;204;212;213;214;219;220;221;226;227;228;233;234;235;779;780;781;786;787;788;793;794;795;800;801;802;810;811;812;817;818;819;824;825;826;831;832;833}

bin 156
Source negative hit source incorrect pre-stress
.{237;238;239;244;245;246;251;252;253;258;259;260;268;269;270;275;276;277;282;283;284;289;290;291;835;836;837;842;843;844;849;850;851;856;857;858;866;867;868;873;874;875;880;881;882;887;888;889}

bin 157
Source hit source correct high source confidence pre-stress
.{186;193;200;207;209;216;223;230;242;249;256;263;265;272;279;286;784;791;798;805;807;814;821;828;840;847;854;861;863;870;877;884}

bin 158
Source positive hit source correct high source confidence pre-stress
.{186;193;200;207;209;216;223;230;784;791;798;805;807;814;821;828}

bin 159
Source negative hit source correct high source confidence pre-stress
.{242;249;256;263;265;272;279;286;840;847;854;861;863;870;877;884}

bin 160
Source hit source incorrect high source confidence pre-stress
.{181;188;195;202;214;221;228;235;237;244;251;258;270;277;284;291;779;786;793;800;812;819;826;833;835;842;849;856;868;875;882;889}

bin 161
Source positive hit source incorrect high source confidence pre-stress
.{181;188;195;202;214;221;228;235;779;786;793;800;812;819;826;833}

bin 162
Source negative hit source incorrect high source confidence pre-stress
.{237;244;251;258;270;277;284;291;835;842;849;856;868;875;882;889}

bin 163
Source hit source correct medium source confidence pre-stress
.{185;192;199;206;210;217;224;231;241;248;255;262;266;273;280;287;783;790;797;804;808;815;822;829;839;846;853;860;864;871;878;885}

bin 164
Source hit positive source correct medium source confidence pre-stress
.{185;192;199;206;210;217;224;231;783;790;797;804;808;815;822;829}

bin 165
Source negative hit source correct medium source confidence pre-stress
.{241;248;255;262;266;273;280;287;839;846;853;860;864;871;878;885}

bin 166
Source hit source incorrect medium source confidence pre-stress
.{182;189;196;203;213;220;227;234;238;245;252;259;269;276;283;290;780;787;794;801;811;818;825;832;836;843;850;857;867;874;881;888}

bin 167
Source positive hit source incorrect medium source confidence pre-stress
.{182;189;196;203;213;220;227;234;780;787;794;801;811;818;825;832}

bin 168
Source negative hit source incorrect medium source confidence pre-stress
.{238;245;252;259;269;276;283;290;836;843;850;857;867;874;881;888}

bin 169
Source hit source correct low confidence pre-stress
.{184;191;198;205;211;218;225;232;240;247;254;261;267;274;281;288;782;789;796;803;809;816;823;830;838;845;852;859;865;872;879;886}

bin 170
Source positive hit source correct low confidence pre-stress
.{184;191;198;205;211;218;225;232;782;789;796;803;809;816;823;830}

bin 171
Source negative hit source correct low confidence pre-stress
.{240;247;254;261;267;274;281;288;838;845;852;859;865;872;879;886}

bin 172
Source negative hit source incorrect low confidence pre-stress
.{183;190;197;204;212;219;226;233;239;246;253;260;268;275;282;289;781;788;795;802;810;817;824;831;837;844;851;858;866;873;880;887}

bin 173
Source positive hit source incorrect low confidence pre-stress
.{183;190;197;204;212;219;226;233;781;788;795;802;810;817;824;831}

bin 174
Source negative hit source incorrect low confidence pre-stress
.{239;246;253;260;268;275;282;289;837;844;851;858;866;873;880;887}

bin 175
Hit post-stress
.{321;322;323;324;325;326;327;328;329;330;331;332;333;334;335;339;340;341;342;343;344;345;346;347;348;349;350;351;352;353;357;358;359;360;361;362;363;364;365;366;367;368;369;370;371;375;376;377;378;379;380;381;382;383;384;385;386;387;388;389;393;394;395;396;397;398;399;400;401;402;403;404;405;406;407;411;412;413;414;415;416;417;418;419;420;421;422;423;424;425;429;430;431;432;433;434;435;436;437;438;439;440;441;442;443;447;448;449;450;451;452;453;454;455;456;457;458;459;460;461;894;895;896;897;898;899;900;901;902;903;904;905;906;907;908;912;913;914;915;916;917;918;919;920;921;922;923;924;925;926;930;931;932;933;934;935;936;937;938;939;940;941;942;943;944;948;949;950;951;952;953;954;955;956;957;958;959;960;961;962;966;967;968;969;970;971;972;973;974;975;976;977;978;979;980;984;985;986;987;988;989;990;991;992;993;994;995;996;997;998;1002;1003;1004;1005;1006;1007;1008;1009;1010;1011;1012;1013;1014;1015;1016;1020;1021;1022;1023;1024;1025;1026;1027;1028;1029;1030;1031;1032;1033;1034}

bin 176
Miss post-stress
.{318;319;320;336;337;338;354;355;356;372;373;374;390;391;392;408;409;410;426;427;428;444;445;446;891;892;893;909;910;911;927;928;929;945;946;947;963;964;965;981;982;983;999;1000;1001;1017;1018;1019}

bin 177
Correct rejection post-stress
.{462;463;464;480;481;482}

bin 178
False alarm post-stress
.{465;466;467;468;469;470;471;472;473;474;475;476;477;478;479;483;484;485;486;487;488;489;490;491;492;493;494;495;496;497}

bin 179
Recog positive hits post-stress
.{321;322;323;324;325;326;327;328;329;330;331;332;333;334;335;339;340;341;342;343;344;345;346;347;348;349;350;351;352;353;357;358;359;360;361;362;363;364;365;366;367;368;369;370;371;375;376;377;378;379;380;381;382;383;384;385;386;387;388;389;894;895;896;897;898;899;900;901;902;903;904;905;906;907;908;912;913;914;915;916;917;918;919;920;921;922;923;924;925;926;930;931;932;933;934;935;936;937;938;939;940;941;942;943;944;948;949;950;951;952;953;954;955;956;957;958;959;960;961;962}

bin 180
Recog negative hits post-stress
.{393;394;395;396;397;398;399;400;401;402;403;404;405;406;407;411;412;413;414;415;416;417;418;419;420;421;422;423;424;425;429;430;431;432;433;434;435;436;437;438;439;440;441;442;443;447;448;449;450;451;452;453;454;455;456;457;458;459;460;461;966;967;968;969;970;971;972;973;974;975;976;977;978;979;980;984;985;986;987;988;989;990;991;992;993;994;995;996;997;998;1002;1003;1004;1005;1006;1007;1008;1009;1010;1011;1012;1013;1014;1015;1016;1020;1021;1022;1023;1024;1025;1026;1027;1028;1029;1030;1031;1032;1033;1034}

bin 181
Recog positive correct rejection post-stress
.{462;463;464}

bin 182
Recog negative correct rejection post-stress
.{480;481;482}

bin 183
Recog positive miss post-stress
.{318;319;320;336;337;338;354;355;356;372;373;374;891;892;893;909;910;911;927;928;929;945;946;947}

bin 184
Recog negative miss post-stress
.{390;391;392;408;409;410;426;427;428;444;445;446;963;964;965;981;982;983;999;1000;1001;1017;1018;1019}

bin 185
Recog positive false alarm post-stress
.{465;466;467;468;469;470;471;472;473;474;475;476;477;478;479}

bin 186
Recog negative false alarm post-stress
.{483;484;485;486;487;488;489;490;491;492;493;494;495;496;497}

bin 187
Recog desc hits post-stress
.{321;322;323;324;325;326;327;328;329;330;331;332;333;334;335;339;340;341;342;343;344;345;346;347;348;349;350;351;352;353;393;394;395;396;397;398;399;400;401;402;403;404;405;406;407;411;412;413;414;415;416;417;418;419;420;421;422;423;424;425;894;895;896;897;898;899;900;901;902;903;904;905;906;907;908;912;913;914;915;916;917;918;919;920;921;922;923;924;925;926;966;967;968;969;970;971;972;973;974;975;976;977;978;979;980;984;985;986;987;988;989;990;991;992;993;994;995;996;997;998}

bin 188
Recog emo hits post-stress
.{357;358;359;360;361;362;363;364;365;366;367;368;369;370;371;375;376;377;378;379;380;381;382;383;384;385;386;387;388;389;429;430;431;432;433;434;435;436;437;438;439;440;441;442;443;447;448;449;450;451;452;453;454;455;456;457;458;459;460;461;930;931;932;933;934;935;936;937;938;939;940;941;942;943;944;948;949;950;951;952;953;954;955;956;957;958;959;960;961;962;1002;1003;1004;1005;1006;1007;1008;1009;1010;1011;1012;1013;1014;1015;1016;1020;1021;1022;1023;1024;1025;1026;1027;1028;1029;1030;1031;1032;1033;1034}

bin 189
Recog desc miss post-stress
.{318;319;320;336;337;338;390;391;392;408;409;410;891;892;893;909;910;911;963;964;965;981;982;983}

bin 190
Recog emo miss post-stress
.{354;355;356;372;373;374;426;427;428;444;445;446;927;928;929;945;946;947;999;1000;1001;1017;1018;1019}

bin 191
Hit high confidence post-stress
.{329;330;331;332;333;334;335;347;348;349;350;351;352;353;365;366;367;368;369;370;371;383;384;385;386;387;388;389;401;402;403;404;405;406;407;419;420;421;422;423;424;425;437;438;439;440;441;442;443;455;456;457;458;459;460;461;902;903;904;905;906;907;908;920;921;922;923;924;925;926;938;939;940;941;942;943;944;956;957;958;959;960;961;962;974;975;976;977;978;979;980;992;993;994;995;996;997;998;1010;1011;1012;1013;1014;1015;1016;1028;1029;1030;1031;1032;1033;1034}

bin 192
Miss high confidence post-stress
.{318;336;354;372;390;408;426;444;891;909;927;945;963;981;999;1017}

bin 193
Correct rejection high confidence post-stress
.{462;480}

bin 194
False alarm high confidence post-stress
.{473;474;475;476;477;478;479;491;492;493;494;495;496;497}

bin 195
Hit medium confidence post-stress
.{322;323;324;325;326;327;328;340;341;342;343;344;345;346;358;359;360;361;362;363;364;376;377;378;379;380;381;382;394;395;396;397;398;399;400;412;413;414;415;416;417;418;430;431;432;433;434;435;436;448;449;450;451;452;453;454;895;896;897;898;899;900;901;913;914;915;916;917;918;919;931;932;933;934;935;936;937;949;950;951;952;953;954;955;967;968;969;970;971;972;973;985;986;987;988;989;990;991;1003;1004;1005;1006;1007;1008;1009;1021;1022;1023;1024;1025;1026;1027}

bin 196
Miss medium confidence post-stress
.{3;21;39;57;75;93;111;129;637;655;673;691;709;727;745;763}

bin 197
Correct rejection medium confidence post-stress
.{463;481}

bin 198
False alarm medium confidence post-stress
.{466;467;468;469;470;471;472;484;485;486;487;488;489;490}

bin 199
Hit low confidence post-stress
.{321;339;357;375;393;411;429;447;894;912;930;948;966;984;1002;1020}

bin 200
Miss low confidence post-stress
.{320;338;356;374;392;410;428;446;893;911;929;947;965;983;1001;1019}

bin 201
Correct rejection low confidence post-stress
.{464;482}

bin 202
False alaram low confidence post-stress
.{465;483}

bin 203
Hit source correct post-stress
.{325;326;327;332;333;334;343;344;345;350;351;352;358;359;360;365;366;367;376;377;378;383;384;385;397;398;399;404;405;406;415;416;417;422;423;424;430;431;432;437;438;439;448;449;450;455;456;457;898;899;900;905;906;907;916;917;918;923;924;925;931;932;933;938;939;940;949;950;951;956;957;958;970;971;972;977;978;979;988;989;990;995;996;997;1003;1004;1005;1010;1011;1012;1021;1022;1023;1028;1029;1030}

bin 204
Hit source incorrect post-stress
.{322;323;324;329;330;331;340;341;342;347;348;349;361;362;363;368;369;370;379;380;381;386;387;388;394;395;396;401;402;403;412;413;414;419;420;421;433;434;435;440;441;442;451;452;453;458;459;460;895;896;897;902;903;904;913;914;915;920;921;922;934;935;936;941;942;943;952;953;954;959;960;961;967;968;969;974;975;976;985;986;987;992;993;994;1006;1007;1008;1013;1014;1015;1024;1025;1026;1031;1032;1033}

bin 205
Source hit post-stress
.{498;499;500;501;502;503;504;505;506;507;508;509;510;511;512;513;514;515;516;517;518;519;520;521;522;523;524;525;526;527;528;529;530;531;532;533;534;535;536;537;538;539;540;541;542;543;544;545;546;547;548;549;550;551;552;553;554;555;556;557;558;559;560;561;562;563;564;565;566;567;568;569;570;571;572;573;574;575;576;577;578;579;580;581;582;583;584;585;586;587;588;589;590;591;592;593;594;595;596;597;598;599;600;601;602;603;604;605;606;607;608;609;1035;1036;1037;1038;1039;1040;1041;1042;1043;1044;1045;1046;1047;1048;1049;1050;1051;1052;1053;1054;1055;1056;1057;1058;1059;1060;1061;1062;1063;1064;1065;1066;1067;1068;1069;1070;1071;1072;1073;1074;1075;1076;1077;1078;1079;1080;1081;1082;1083;1084;1085;1086;1087;1088;1089;1090;1091;1092;1093;1094;1095;1096;1097;1098;1099;1100;1101;1102;1103;1104;1105;1106;1107;1108;1109;1110;1111;1112;1113;1114;1115;1116;1117;1118;1119;1120;1121;1122;1123;1124;1125;1126;1127;1128;1129;1130;1131;1132;1133;1134;1135;1136;1137;1138;1139;1140;1141;1142;1143;1144;1145;1146}

bin 206
Source false alarm post-stress
.{610;611;612;613;614;615;616;617;618;619;620;621;622;623;624;625;626;627;628;629;630;631;632;633;634}

bin 207
Source positive hit post-stress
.{498;499;500;501;502;503;504;505;506;507;508;509;510;511;512;513;514;515;516;517;518;519;520;521;522;523;524;525;526;527;528;529;530;531;532;533;534;535;536;537;538;539;540;541;542;543;544;545;546;547;548;549;550;551;552;553;1035;1036;1037;1038;1039;1040;1041;1042;1043;1044;1045;1046;1047;1048;1049;1050;1051;1052;1053;1054;1055;1056;1057;1058;1059;1060;1061;1062;1063;1064;1065;1066;1067;1068;1069;1070;1071;1072;1073;1074;1075;1076;1077;1078;1079;1080;1081;1082;1083;1084;1085;1086;1087;1088;1089;1090}

bin 208
Source negative hit post-stress
.{554;555;556;557;558;559;560;561;562;563;564;565;566;567;568;569;570;571;572;573;574;575;576;577;578;579;580;581;582;583;584;585;586;587;588;589;590;591;592;593;594;595;596;597;598;599;600;601;602;603;604;605;606;607;608;609;1091;1092;1093;1094;1095;1096;1097;1098;1099;1100;1101;1102;1103;1104;1105;1106;1107;1108;1109;1110;1111;1112;1113;1114;1115;1116;1117;1118;1119;1120;1121;1122;1123;1124;1125;1126;1127;1128;1129;1130;1131;1132;1133;1134;1135;1136;1137;1138;1139;1140;1141;1142;1143;1144;1145;1146}

bin 209
Source positive false alarm post-stress
.{610;611;612;613;614;615;616;617;618;619;620;621;622}

bin 210
Source negative false alarm post-stress
.{623;624;625;626;627;628;629;630;631;632;633;634}

bin 211
Source hit source correct post-stress
.{501;502;503;508;509;510;515;516;517;522;523;524;526;527;528;533;534;535;540;541;542;547;548;549;557;558;559;564;565;566;571;572;573;578;579;580;582;583;584;589;590;591;596;597;598;603;604;605;1038;1039;1040;1045;1046;1047;1052;1053;1054;1059;1060;1061;1063;1064;1065;1070;1071;1072;1077;1078;1079;1084;1085;1086;1094;1095;1096;1101;1102;1103;1108;1109;1110;1115;1116;1117;1119;1120;1121;1126;1127;1128;1133;1134;1135;1140;1141;1142}

bin 212
Source positive hit source correct post-stress
.{501;502;503;508;509;510;515;516;517;522;523;524;526;527;528;533;534;535;540;541;542;547;548;549;1038;1039;1040;1045;1046;1047;1052;1053;1054;1059;1060;1061;1063;1064;1065;1070;1071;1072;1077;1078;1079;1084;1085;1086}

bin 213
Source negative hit source correct post-stress
.{557;558;559;564;565;566;571;572;573;578;579;580;582;583;584;589;590;591;596;597;598;603;604;605;1094;1095;1096;1101;1102;1103;1108;1109;1110;1115;1116;1117;1119;1120;1121;1126;1127;1128;1133;1134;1135;1140;1141;1142}

bin 214
Source hit source incorrect post-stress
.{498;499;500;505;506;507;512;513;514;519;520;521;529;530;531;536;537;538;543;544;545;550;551;552;554;555;556;561;562;563;568;569;570;575;576;577;585;586;587;592;593;594;599;600;601;606;607;608;1035;1036;1037;1042;1043;1044;1049;1050;1051;1056;1057;1058;1066;1067;1068;1073;1074;1075;1080;1081;1082;1087;1088;1089;1091;1092;1093;1098;1099;1100;1105;1106;1107;1112;1113;1114;1122;1123;1124;1129;1130;1131;1136;1137;1138;1143;1144;1145}

bin 215
Source positive hit source incorrect post-stress
.{498;499;500;505;506;507;512;513;514;519;520;521;529;530;531;536;537;538;543;544;545;550;551;552;1035;1036;1037;1042;1043;1044;1049;1050;1051;1056;1057;1058;1066;1067;1068;1073;1074;1075;1080;1081;1082;1087;1088;1089}

bin 216
Source negative hit source incorrect post-stress
.{554;555;556;561;562;563;568;569;570;575;576;577;585;586;587;592;593;594;599;600;601;606;607;608;1091;1092;1093;1098;1099;1100;1105;1106;1107;1112;1113;1114;1122;1123;1124;1129;1130;1131;1136;1137;1138;1143;1144;1145}

bin 217
Source hit source correct high source confidence post-stress
.{503;510;517;524;526;533;540;547;559;566;573;580;582;589;596;603;1040;1047;1054;1061;1063;1070;1077;1084;1096;1103;1110;1117;1119;1126;1133;1140}

bin 218
Source positive hit source correct high source confidence post-stress
.{503;510;517;524;526;533;540;547;1040;1047;1054;1061;1063;1070;1077;1084}

bin 219
Source negative hit source correct high source confidence post-stress
.{559;566;573;580;582;589;596;603;1096;1103;1110;1117;1119;1126;1133;1140}

bin 220
Source hit source incorrect high source confidence post-stress
.{498;505;512;519;531;538;545;552;554;561;568;575;587;594;601;608;1035;1042;1049;1056;1068;1075;1082;1089;1091;1098;1105;1112;1124;1131;1138;1145}

bin 221
Source positive hit source incorrect high source confidence post-stress
.{498;505;512;519;531;538;545;552;1035;1042;1049;1056;1068;1075;1082;1089}

bin 222
Source negative hit source incorrect high source confidence post-stress
.{554;561;568;575;587;594;601;608;1091;1098;1105;1112;1124;1131;1138;1145}

bin 223
Source hit source correct medium source confidence post-stress
.{502;509;516;523;527;534;541;548;558;565;572;579;583;590;597;604;1039;1046;1053;1060;1064;1071;1078;1085;1095;1102;1109;1116;1120;1127;1134;1141}

bin 224
Source positive hit source correct medium source confidence post-stress
.{502;509;516;523;527;534;541;548;1039;1046;1053;1060;1064;1071;1078;1085}

bin 225
Source negative hit source correct medium source confidence post-stress
.{558;565;572;579;583;590;597;604;1095;1102;1109;1116;1120;1127;1134;1141}

bin 226
Source hit source incorrect medium source confidence post-stress
.{499;506;513;520;530;537;544;551;555;562;569;576;586;593;600;607;1036;1043;1050;1057;1067;1074;1081;1088;1092;1099;1106;1113;1123;1130;1137;1144}

bin 227
Source positive hit source incorrect medium confidence post-stress
.{499;506;513;520;530;537;544;551;1036;1043;1050;1057;1067;1074;1081;1088}

bin 228
Source negative hit source incorrect medium source confidence post-stress
.{555;562;569;576;586;593;600;607;1092;1099;1106;1113;1123;1130;1137;1144}

bin 229
Source hit source correct low confidence post-stress
.{501;508;515;522;528;535;542;549;557;564;571;578;584;591;598;605;1038;1045;1052;1059;1065;1072;1079;1086;1094;1101;1108;1115;1121;1128;1135;1142}

bin 230
Source positive hit source correct low confidence post-stress
.{501;508;515;522;528;535;542;549;1038;1045;1052;1059;1065;1072;1079;1086}

bin 231
Source negative hit source correct low source confidence post-stress
.{557;564;571;578;584;591;598;605;1094;1101;1108;1115;1121;1128;1135;1142}

bin 232
Source hit source incorrect low source confidence post-stress
.{500;507;514;521;529;536;543;550;556;563;570;577;585;592;599;606;1037;1044;1051;1058;1066;1073;1080;1087;1093;1100;1107;1114;1122;1129;1136;1143}

bin 233
Source positive hit source incorrect low confidence post-stress
.{500;507;514;521;529;536;543;550;1037;1044;1051;1058;1066;1073;1080;1087}

bin 234
Source negative hit source incorrect low confidence post-stress
.{556;563;570;577;585;592;599;606;1093;1100;1107;1114;1122;1129;1136;1143}

bin 235
Old new prompt
.{1150}

bin 236
Source prompt
.{1149}

bin 237
Response screen
.{1147}

bin 238
Response
.{1148}











